XO

1811188810. 11. ull. 1

1118111111. 8. 888, 878. 881. 888

1881111111 888,·28. 78.108. 118. 881, 8

Mosellam 888, 198. 880

8101118818

Molibus 888, 198

Moto 111, 11111 ¹

Motu 188, 81. 897, 8. 888, 78. 888,
8. 888, 188. 818,17

Motum 819, 88

Motus adjeci.) 78, 8. 808. 8. 808, 88

Motus 1181111111.) 888, 888. 888, 8.
887, 8. 888, 18. 888,8

Moventur 888, 80

Monens 188, 18. 878, 8

Moveuli 188, 8

Mancinum&

Macetum, 1. 887, 8. 10

novetur 188,8

1111111111, 68. 817, 8. 888, 8

Mox 90,8. 108, 10 et 11181

Mucio 889, 81

Macronem 881,88

11111011811 888, 87

Macronis 888, 88

8111111188

Mu ’111111 88,1

Muluium

Mulun 808,18

Mulcaw826,ll⁰

Μ111111818,88

Mulcebnut 808, 6

Mnlcebat 888, 88

Mulcendo 819, 18

Mulcenlcm 888, 888

Mulciber 888, 888

Muli 840,2

Muliebre 188, 8. 888, 8. 888, 88

Mulieres 8881

1111111111, 88. 818, 77

81111111 888, 117

Multam. 1111. 1111, 1. 111, 1.
191.11. 811, 8. 881, 8. 88888.
888, 8. 7. 818, 89. 87. 819, 18.
8888 1

Multu 78, 8. 888, 181. 888, 89. 888,
8. 888,8

Mullus 188, 8. 171, 8. 818, 1

Muluius 188, 8

Multi 801, 8. 7. 888, 888. 888, 88.
818, 88. 818, 88

Multiplicanli 8888

Μ1111ρ11111 818, 89. 78

Multiplicat 888, 8

1111111ρ111111 898, 18

Multiplicenlur 898, 7

Multiplices 888, 181

Multiplici 819, 89. 818, 88. 887,8

8111111111111 858, 8

11111811

8111111818,18. 818,8. 818. 8. 888,
8. 88819. 888. 88. 80818. 119,
80. 88. 888. 8. 888, 8. 888, 8. 878,9

Multitudine 888, 7

Multitudinem 887, 8. 888,8

8111111118ἰηί 881, 8

Multitudinis 819,88 . -

11111111111. nm. 111, 11.
181, 81. 808, 8. 81. 888, 1. 888,
88. 888, 881. 89888188. 811888

Multorum 888, 8

Multos 888, 18. 897, 8. 819, 18. 888,
87. 808. 8. 878, 81

Μ111111111818,18

Mullus 808,7

Μ11111170,9

8111111819,88

Mundi 18818. 88818. 888, 8. 888,
17. 888, 1. 888, 18. 808, 88.819,89

Mundo 888,8

Mundus 187, 88

Mundus 888, 80. 888, 88. 878. 8

Munera 188, 8. 187, 17. 888, 88. 888,
188. 888, 8. 819,81. 88. 888, 8.
888,8

Munerutur 887 ,8

Munere 188, 8. 188, 88. 191888. 888.
18. 811, 8. 817, 11. 877, 18.808,81.
809, 88. 818, 18. 888888. 888, 8

Muneribus 887, 8. 889, 8. 887,8

Muneris 818, 8. 810, 8. 819, 18. 88

1111111111 188,8

Municipnle 188,8

Municipulem 819, 81. 878, 88

Municipem 818, 8

Municipium 888, 888

Μ11111111111 88, 8. 819, l

Munimcnla 888, 8. 888, 8. 887, 8

Munimenti 888, 8

Μ1111111887,8

Μ111111101888, 8

Μ11111111819, 78

Μ1111111111111 887 ,8

Munus llll, 88. 188, 1. 188, 18. 178,
16. 188,18. 187.18. 888, 8. 888,
19. 889, 8. 888, 8. 888,17. 898,1.
8. 888, 8. 811, 1. 818, lucu. 819,

Munusculi 818, 88

1111111111 888, 18

Muraenae 888, 8

Muri 888, 8. 888, 3

Μ1118111,1.1

Μ111111885,11

Muriceis 888. 8

Muricic 881, 88

1111111888. 8. 8881188888. 888, 8

Murmura 188, 8. 888, 88. 888, 88.
818, 11

 

