hm

Jurgium 488, 8. 481, 5. 488, 8

18118 888, 4. 888,4

18888888811889,1

8818 188, 44. 418, 4

188 87,8. 881. 81889. 881, 8.
8885. 888, 81. 889,18. 18. 848,
&mama

88818 886, 89. 861,11. 469,8. 11

1888181188

8818881888,89

ὴψωψω8ω8

1881888 489, 81

8881811419,78

88811 888, 8. 888, 48. 884, 818. 488,
68. 469,11

suanum·

8818818888, 84. 858, 8. 418, 18

888888 88, 8. 74, 8. 884, 814. 481, 8.

18818189,11. 859,18. 888,8 888, 7.

88818 419, 88

Justae 848, 8

8881888 lm

8881888811

88811884, 87. 887. 488, 4

1811181887,8. 851,8

8 unissima 888, 1

1811188181,7

88811110 444,8

8881188 884, 5. 419, 88

88818189, 1.· 188,1. 888,9

888188878,1

1881881 185, 8. 189, 18

sutus 181.⁴

1818888888, 19

1818811918

1888188888

18888188 488, 8

Juvaret 888, 88

88888185

8888111811. 158,18. 191.48. 197,
17. 816, 8. 889, 8. 1118, 6. 868, 87.
8911, 68. 466, 6. 419,16. 469, 18

1 uvenali 885, 1

1818888188, 1

Juvencae 885, 84

Juvenum 88,1

18188818 87, 8. 894, 8. 489, 8

Juvence 81,1

18888888 188, 9. 888, 8. 888,19

Juvenes 189, 8. 191, 9. 884, 18. 858.

. 8. 855,8

Juvenescere 84,18. 898, 89

Juveni 151,18. 188, 88. 888,18. 887,

Juvenilibun 888, 88

8888811 19, 4. 181, 8. 168,1.88. 111,
amamemmm

INDEX

417,181. 418,88

8111811189ορ88 sua· ”⁷9¹² my

8888818187, 11. 819, 5. “M

Juventae 178, 8. 178, 8. 197,18. 881,
4. 888,1. 814, 8. 854,8

18188188 888, 79

Iuventus 888, 8. 888, 15. 484, 14.
485,1. 448, 1. 485,4

1888818118 489, 88

Juvenum 178, 8. 198,1. 86818. 441,

’ ²· 4688 284

88884887

Juvet 198, 8. 878,4

1888191, 8. 488, 88. 488,4

L.

1.(111888) 848, 8

labant 417, 88

hbe(1·p·u)³2⁵,⁷ ,

labefactat 484, 8

Labefacto 888, 14

1888888888

labens 884, 188. 878

labentia 884, 888,

1888811888 888. 85

Laberis 881. 188. 484

18818888,8

labitur 884, 848

1888889888. 888,18. 888, 7. 887,
8. 844,11. 888, 1. 888,5

18888888887,8

laborum. 18

18888818 888, 5

1888888188, 8

1818818νί887, 8. 888, 8. 848,1

Laborem 88, 1. 189, 8. 888, 9. 887,1.
881,18.486,8 ¹

labores 884, 885. 489. 886, 5. 868,
14. 88814. 869, 81. 481,8

Laboriferis 888, 7

1888881881. 887, 1. 886,7.18.

1888888884, 14. 888, 81. 417, 88.

1811888899

hc 51, 8. 849, 18

1888888881

1888888881

Ltcedoemon 818, 8

lacedaemonem. 48, 1

Iacedaemdnem 447. 8

hcedaemonium 418, 88

lacedemonius 489, 1

hoedaemonis 448, 1

Lacedaemonius 84, 8

 

