cxliv 18111

111111111111140,1 ’11611111711 ’
Terminus 182, 12 'l'emdi 404,2
1111111111118,1 Tetragorro 181, 21. 41
11111116112, 11. 102,15.11. 411, 1111111116,71
2.79 1111111121,12
111111111111, 1 Tetricos 161, 16
11111114, 92 Tethyn 114, 281
Temario 111, 1. 7 11111418, 14
Ternarium 116,6 Tere 17, 2
’1111111116,12. 19127 111111114,214
remi 133, 11. suaa Texeret rar, 11
Tenuis aas, 11. 1111. ra Texituur, rr. 111111
Temo 116, 14. 18. 84 Tem 18, 4. 416, 14
Temos 115, 4. 116, 1. 10. 408, 21 Tessffl 16. l
Terpsichore 167, 5 Tenum 94, 1. 116, 16
16111411. 111, 14. 117, 6. 116, 74 1111111111
Terrae 14,1. 22, 1. 122,1. 111, 71. 1111111118,1
229, 5. 281, 7. 298, 9. 117,10. Thaide 117,1
401, 11. 461,1 Thalami 182,1. 157,1
Terram 146, 4. 401. 8. 411, 21 Τ1111111ιο 11, 2. 171,14. 181, 6. lam
Terrarum 417, 72. 411, 9 , Thalamos 116, 18
Terras 114, 16. 211. 411,2 Thaiarse 212, 1
‘Terrebat 122, 20 111111161,11.164,11. 101,1.116,1
Terrena 167,1. 169,1 1111111167, 1
romnis arr, 14. 111, rr Theano 1111
Tenent 114, 174 'Theatra 100, 21
’11η11111466,1 ’111111ῐί 167, 4. 289,1. 100,11. 164,
111116111411,1 11. 186, 21
Terribilis 112, 1 ’111111ῐί1 116, 77
Terrigeuir 294, 1 Theatro 114,166
’1111111111 11111. arar. 111, Thermarum suar
17. 112, 21. 114,1Ι9. 126. 111,11. Thebe 187, 4. 119,2
· , 417,11 Thebana 141, 25
Terrore 125. 199. 428, 2. 441, 2 Thebarum 241, 1
Terrorem 126, 82 Tbebas 111, 7. 47111
Tertia 12, 2. 176, 4. 218, 4. 8. 286, 2. Thebis 116, 11
rer, 1. ars, rr. asar. rr. auu, 1. 'rumis 111, rr. aras
169, 16. 1911. 400, 15 ’11116111611104191
1111111419, 19 11161111111111461, 2
’1111101691 1111119161. 194, 20. 195, 2. 6.
Tertium 419, 69 116, 4
Tertius 162, 2. 198,1. 227,1. 272, 2. Thoonem 111, 2. 195, 1
172, 7. 411, 69 Theoui 1941
11113722 Thermarum 108, l
Tertae 170, 9. 121, 22. 116, 41 111111111422,8
'Testamenta 110, 28 Thesauri 21,2
Teatantem 220, 6 Thesauro 22, 1
1111111411,41 1111111417,14
Testatur 162, 22 Thesidae 20, 2
11111115, 1. 111, 18 Thessaliam 470,11
Τε111111491,2 ’ ’111111Ιί10122,21
Testes 191, 16 Thetide 418, 1
Testimonii 497, 2 Thetideum 444,2
'testimonio 192,16. 406, 12 Thetis 421, 4
Testimonium 411, 7. 419, 4 Thorum 161, 8
rauserias. 11. uun 1111611111 111, 151
*1116119626 1111111411, 82
Testudine aas. aru Thracum ³⁸6, ³⁶· 4164

'refigi 111, 11 ² 111113611124, 2

 

