ff

vertisti 418, 89

Vertit 148, 8. 888, 8. 498, 79

18181188, 8. 41, 8. 4. 118,17. 188, 8.
171,7. 181,8. 817,18. 818, 4. 819,
9. 888, 8. 899, 8. 418, 49

Verum 98, 8. 178, 8. lme- 189, 8.
898,11. 889, 7. 889,8. 17. 884,
8. 881, 889. 889,18. 888, 8. 899,
81. 898, 97. 898, 8. 498, 8. 499,
88. 418, 48. 419, 8. 88 87. 489, 1.
447, 8. 488,8

Veruntamen 419, 88

1811111884. 818,14. 884, 488. 497,4

1811111111 498,8

18888118 898, 18

Vesevi 884, 819

Vespasiani 419, 78

Vespasiano 889, 19 ¹

18111111181887, 19. 888, 19. 879, 8

Vesper 144, 8. 888, 88

vespera 448, 8. 481,8

1818114888

vespae GV, l· ³⁸6, 28· 1611461 ⁸6⁸,
88. 448, 8. 488,4

Vesperis 499, 87

Vespertinis 898, 8

18111 8888

18811118 898, 18. 419, 88

“ 1811888, 7. 884, 888. 888,14. 889,
Μηηωψωῃ

Vestem 88, 1. 481,8

1811181804, 9. 897, 8

181181 888, 9. 898, 88

1811181181 888, 78

1811198111 848, 84

18111311 888, 89. 884, 8. 47. 84. 888,
7. 891,18. 418, 71

1881118911, 18. 417, 78. 419, 88. 84

1181111888, 4. 884, 187

1811111889,8

mmmm

Vestitum 419, 88

wmaumm

Vestra 4,8

1881111818

181111189817

181111188419,79

1811111 11, 7. 187, 48

11811111 888, 19

1811111114,8

mmmmm

Vetat 848, 4. 891,19. 884, 891. 888,4

18181111 499,1 ⁴

1818111188 497,4

181818 849,1. 888, 8

Veterem 187, 1. 888, 8. 419, 88

1818181187, 4. 181, 1. 884, 897. 888.
478. 888, 87. 897,14. 419, 19. 89

181111 884, 8. 898,1 ,

11191111

Veteribus 419, 88

181811189,18. 888, 8. 888, 7. 884,
494. 497, 4. 417, 81. 198118

18181111 498, 11

Veterum 9, 8. 189,1. 818, 9. 888,18.
ω1ω1ω1ωω18

118. 419, 74. 88. 489, 4. 488, 8

veta 94,4

181811181481,4

1818111787

18181 888, 4. 888, 19. 198,9

181811174,8

1818811888,4

18181111 899, 88

181118 417, 88

18111 888, 8. 848, 4. 888, 8. 489,8

181118 884, 91

vento 198,18

Ventum 187, 49

1811111198,88

11 888, 84. 418, 4. 488, 8. 488,4

11119,19

11188848

Viam 188, 89. 87. 891, 8. 889, 88.
498, 18. 419, 18

1111111889,18. 899, 18

1118 888, 8. 898,14. 888, 8. 881, 89.
189188. 888, 89. 898, 89. 899, 81.

111111884, 188

1181111849,1

1181181111417, 198

118111181884,88

11811111188,7

1181111111 884, 884

1181118 888, 81

118111 198, 8. 888, 89. 888, 89

1111111181 418, 8

11811111 884, 887

1181111111181 -

1188 188, 1. 174,1. 178,1. 184,7.
848,81. 497, 8. 417, 99. 418,19.
419,11. 488,1

1188118997. 897, 9. 889, 8. 899, 14.
894, 88. 898, 48. 419, 1

1188118194,1. 898,8 .

11881 148, 8. 898,19. 899, 8. 888,
4. 888, 88. 888,19. 417,14. 418,

118148,4

Vicibus 181,14. 191, 87. 417, w

Vicina 417, 187. 418, 48

1181111898,11

1181118 188, 8. 819, 8

Vicini 884, 147. 889, 18

11811111 889,11

1181111417,84

1181118 878, 8. 877, 8. 7. 898, 88.
897,8

 

