IN AUSONIUM.

111111

1111111666 168, 88. 168, 86. 886, 0111111111(01111611111111)887,8
8 8886 886,1.18. 88618866 011Μο111668

Luminis 168, 68. 868, 86
1111111111 606, 60

1111116116. 88668. 87616, 878,

0. 876, 6. 806, 8. 6068

1111116680. 88616, 866,80. 868,

1111118866
1111111167, 86
1111186, 18
1111111 1818
1111111888, 76
1111611111 886, 688
11111111881,1,886,8.8061
11111118668
1111887
11111111 8867
111111 858, 8. 810, 87
111616111668,1
1111611816
11161111 160, 6, 868, 8
1111188611. 6861
11611660
111111110618
111168
1111111111 800, 86
111188ομ66. 86818 801, 18, 10.
878,11.880,1,881,17
Lusi 1667
11111186, 8
11111618, 86
111111 867, 8, 886, 868
1111111111886, 68
11111111.111,11
Lym 886168. 168
1311111886, 66
131188, 8
131111188678. 868, 81
13111610. 81
Lycius 888, 1. 680, 6
13111868
13611880, 16
11111111, 18
Lydii 80688
1361186688
1331188618
131110188667
1311ρο11868,6 -
Lymphis 886, 860
1311870, 8
131111886 80
1311111888, 66

01.

01111111111618,86

0111111111 80618. 8668

Meet-re 111, 11

01111111 66, l. 866, 18

01111111168,68

01111111180, 10

00111111 886, 106. 806811

0111111111806,86 ι

0111111111866, 8. med

Μ11111111166,8

06161118068

0111111111 1068

Mandrum

0111161111868, 18

0111111111 868, 6

Menas 1067

01111118666

01111111 800, 11

01131 108, 16

Μ13111886,800

Mflgifl ⁸2, ²0 moa· ¹1⁸, ¹⁵· lua·
187, 8. 168, 68, 166616, 17618,
16,176,,610816.108,6.801,8.
80618. ’,,’8686 868,1.,6.881
808,16. 8168. 881, 66, 888,
886, 8. 886, 88. 886, 6. 887,
886 878 867,.7 86618. 860,
861, 80. 868, 88. 8666. 8,00
8660. 80818 6166. 61,
616, 80, 617, 66. 61668. 7068.
668, 8. 671, 8

01131111881666186,8.188.’8.
1866 1860. 888, 86. 618, 86.

6.
6.
0.
8.
8,.
16

“ 610, 81

Magistrum 610, 86 ·
016318111188, lo ”²2⁸⁰ u· 871 ”⁸9
01131101 80686

0113111111 886, 806

Μ1311111111108, 1, 61688
0113111106, 8, 887, 6. 886, 166 868,
0113118866. 6166

0113111176, 6, 806, 8, 861, 7
011311111111111 6068 610, 88
01131111111111111618, 60
0113111111186,6

01131118060

011311806, 16

Μ13111817,6, 886186, 881

0113111 810, 68, 886, 800

Magnificum 618. 71

0113111866. 10681. 88610. 6668
Μ1311110111618,6.70 ,

· magnitudinis 1111

M (111111) 86, 8
0611161111 886, 6. 618, 60

61111 Vae. 0111,

0113111 188,1. 800, 6. 808, 68. 886,
160. 867, 1

1116611111. 1

 

