114 insomnii.

Supplicia 448, 8

Supplicium 10, 8

suppositura 170, 18

suppressa 410, 88

supprimeret 410, 41

Supra 880, 88. 850, 8. 888, 14. 408,
88. 418,88. 410,41.81. 480,4

Suprema 108,10. 185, 0. 108, 78. 177,
8. 17810. 848, 8. 80018. 881,
88. 400,7

Suprenri 175, 8

supremis 100, 18. 178,1

Supremo 888, 88. 880, 48

Supremos 884, 804

Supremum 108, 10. 81810. 878,5

8111111114θο, 48. 80. 418, 88

Sura 884, 885. 880

Suras 108, 8. 808, 47

Surdum

8118ζ888881 88

Surge 151,17. 18. irai

8111111141οΑ

811111111 180,8

Surgit 884, 818

Surgunt 884, 110. 804,88

8111848, 8. 800, 17. 808,88

Suscepi 850,4

8111111111 58, 1. 411,1

81111014188

suscipiens 188, 48

Suspecius 188, 04

811111011408,4

Suspendit 884, 015

Suspensum 888, 88

Suspicis 808, 0

8111111118οθ, 8. 400, 11

sustentatu 419, 1

8111111111 815, 8

8111111111, 8. 808, 01

8111111111 418, 18 ·

8111111400,οθ

8111111885. 01

81111 410, 88

81111410, 88

81111880, 88. 884, 108

81111885,5

8111111111δο80

8111111114οῌ .

Symplegadis 108, 0

Symposion 880, 8

8111111111 410, 88

811111111884,804

811111111885,1

Syriacus 188,1

Syrtibus 880, 18

Τ.
Tabaiiariara 414, 8

Τ111111111111400, 87. 418, 0 ’ ’
Tabellas 888, 88.’ 418, 80
'i'aberna 808, 104

Tabernas 884,8

Tibula 47, 1

Τ11111147,8

Tabuiae 898, 28· ⁸³⁰9 ⁰¹· ⁴1⁰, ⁹· n
Tabulam 1104, 17

Tabuintain 800. 14

Tabulis 108, 80. 410, 78
Tuccam 800, 18

Tacendi 804, 18. 410, 8
’1111114108

Tacere 810, 1. 81184

8111140, 8. 418, 88

Tacita 180, 4

Tacita 185, 18

’11111111 884, 870

Tacitis 410, 18

Tacito 884, 88. 454. 410, 81
Tacitus 885,7

Ί’11111111158,85. 170, 8. 800, 1
Τ111111111805,0. 814, 10
Τ11111111111418, 80
Τ11111110410, 11

Tacitus 150, 0. 418, 60
’1111114684

’ 81111810, 88

Tacuisse 418, 80

1111111808, 81

Τ111111184.8

Tagi 417. 08

Talaria 18, 0

1111111811418, 0

’1111 08, 14. 880, 8. 817, 84

Talem 55, 8. 57, 0. 888, 18. 887,

Talaura 858,8

ι811888 ⁸6⁴, 1⁰2· 808171 ”⁸9 88

81040088. 410, 7

Τ1111 84, 0. 108, 8. 177, 18. 880, 08.
804, 888. 857,18. 804,88. 410188.

Talibus 8500

Talis 84,8. 78,1. 118,8. 888,4. 810,
04. 884. 88. 144. 888. 888,18. 808,
18. 410, 8. 418,88 ’

Τ1111ἰ 107, 8. 170,1

Talus 108. 48

Tanaquil 100, 8. 810, 81

’1110111110888 878, 8. 880, 11. 808,
8. 885,108. 880,1. 884, 10. 848.
411. 888, 8. 858,1. 8888. 8. 881,
4. 807,1. 458,4

Tangam 888, 58

Tanquam 148, 8. 188, 18. 888,1. 414,

Tanta 18, 4. 84, 0. 104,18. m, 8.
880, 4. 808, 88 ’

 

