6

,16006000 168, 8. 467 , 6. 488, 8 ·
1110010 884, 446

Affectus 419, 76

Affeom 166. 8. 888. 8

Arrectum 189, 4. 488,8
,11100100 166, 8. 888, 49
Affectus 867,6

16100469, 88

Affinilur 461, 8. 468, 8
1630018811. 886, 68

Affinin 186. 4. 188, 18

Affirmnre 419, 14

Affixno 869, 84

1610001417, 66

,Afflotis 176,8

,1610100 467,8

Afflicrae 488,8

Afflictnm 884, 817
· 1611000808, 18
Δ61106000481,8

Afforet 884, 846

Annium. 16

1600100887, 1. 866, 8

Assflm 183, 71· 828, 88· 879, 80
Agamemnon 481, 4
Agnmenrnone 488, 6. 6. 489, 8. 468, 8
Agnmemnonem 419, 66. 488, 6. 468, 8
Agamemnoni 481, 8

Agamemnonis 486, 8

Aganippen 884, 447

Assffli ⁴1⁹1 4⁰

Agu 886, 8. 848, 6. 868, 46. 899, 84.
1130118, 18. 177.18. 181, 6. 888, 86.

419. 46

Agathoclea 8,1

Ago 886, 4. 466, 48

Agelli 898, 88
’ Agenda 466,8

1300600419, 61

Agendi 886, 47. 419, 89
1300610419, 87

Agenorei 871, 14. 8886

Agens 68, 8. 78, 8. 168, 18. 858, 8
6300101786

Ager 177, 8. 889, 17

Agere 868, 19. 416, 46. 77

Ageret 67, 8. 886, 68
mmmmmw

Aggeribus enm

Aggredior 898. 11

Aggreditur 874, 1. 484, 8. 446, 8.
Aggmget 147, 16

0131100 884. 886
· 1300004611

Aginnum 417, 79

. INDEX

Agis 76, 6. 177, 8. 4. 886, 8. 876,18

. Agite, 0. em. 000, ι. nene. 000.

or. ron. 0. ors. 0. 00010
Agirabo 1000
minutorum
Agru, 000, rr .
Agim 000, rm. 004. 12. ιο
1300000000

· Α3110100866,16

Λ311001171,4

1131101888, 88. 416, 8. 419,8

,131001086887

Agmeurruroo ,,

Agmine 888, 81. 884, 78. 188. 181.
488, 8. 448,1

Agmine 818, 81. 898, 88. 884, 848.
886, 84. 468, 8

11300666

Α3000010417,168

Agnoscit 468,4

Agnosco 418,88

Agnoscunt 816, 8. 886, 61

Agnovere 886, 47

13000060467, 7

83016814. 419,1. 20

13000968

13000100 884, 176

Agri 886, 81. 84. 417. 98

1301018668

Agricolae 877, 89

Agricolam 868, 6. 469, 1

Agricolas 884, 466

Agris 814, 7. 88488. 858, 6

Δ300167,48. 867, 8. 468, 4

Agros 876, 16. 414,1

03000000, ro. 100, r. rouo

Agunt 6, 8. 469, 88. 416, 84

Aguntur 419, 7. 488, 8

11111868

0110000681

[1100141888

Ajooe 487, 8. 484, 4

Ajacem 419, 69. 487 , 8

8100004888

Ajucibns 481, 8

Ajacisnnur

Aju our, 0. ruo, 0. unus

110869. 68,8

Ait 48, 8. 48, 8. 76, 6. 6. 98, 6. 816,
0. mr, 1. 000, rr. 000, r. ruo, 0.
466, 8. 414. 8. 416, 86. 468, 8

Aiunt 868, 49

0118486

Aincrem 467, 6

Alacres 884, 894

1110001468, 18. 418, 17

Alacritatem 469, 86

0110010888, 88

 

