lN AUSONIUM.

H.

H (litera) 648, 19

Habe 8, 7. 176, 9

11161114196

11161111966, 4. 411,9

Habeat 65, 1. 666, 96. 666, 19

Habebat 166, 17. 619, 6. 419, 66. 76.

111616111 664, 466. 476, 46

Habebit 668. 19. 418, 67

1116166469,11

111616111419, 19

11161111699, 19. 466. 7. 419, 65

Habendi 696. 16

Η1611111968,19. 664, 689. 669, 16.
684, 6. 417,6. 18

Habent 974, 9. 976. 9. 617, 98. 664,
66. 669,16. 666,6

Habent 191,41. 656, 7. 696, 86. 419.

111611 966, 6. 694, 7. 691, 4. 496, 1.

Habere 76, 8. 199, 9. 149,9. 167,19,
171,6. 181, 9. 971,6. 691,4. 696,
14. 69. 498, 9. 419, 96. 461,9

Haberent 946, 6

Haberent 646, 1

11161111699,96

11161111 419, 78

1116111149, 9. 166, 9. 669, 69. 619,
96. 668, 9. 451,9

1116111 186.16. 699, 97

11161119, 6. 194, 4. 147, 9. 166, 69.
178, 9. 189. 4. 696. 6. 669, 4. 664,
61. 67. 497, 7. 419, 46. 66

1111111111111111. 76,6.166,
4. 194, 9. 166. 7. 168,9.6. 169,
16. 16918. 191,16. 917.1. 991,
1. 998, 1. 946,1.9. 966, 6. w,
4. 669, 56. 666, 7. 666, 64. 644,1.
aas, 16. 679, 9. 6. 661, 1. 686, 98.
69616. 19. 466, 99. aba, 99. 469,
96. 418.18. 419, 49

1116111166,14

Habetis 419, 79

1116111969,8

11161111174. 16

Η161111111666, 46

Habitandi 414, 9

111611116111 167, 46

Η161111476,49

Habitat 174, 11

111611111 167, 66

Habitatio 694, 15

11161111111664, 89

11161111418,99

lxi

Habito 11, 7. 66, 9

1116111 rot, 6. 166, 66. 997, 6. 419,

Habitudo 419. 64

Habitum 164, 4. 966, 49. 619, 8. 666,
6. 619,99. 419,94

1116111111669, 69. 465, 6

Habitus 916,16. 664, 998. 419, 69.

11161111466,1

11161111166, 19. 476, 66

1116111111419,6

Habui 64, 7. 946, 4. 619, 99. 68. 419,·

Η1611111979,6. 419, 61

111611111196.98. 419. 49

Habuit 164. 8. 1611, 16. 171, 6. 178,4.
189, 6. 999, 49. 664, 666. 698, 16

1111 171, 9. 998, 69 1111161

Hactenus 156,1. 168,1 11 11161

11116911 .

11111916. 19, 6. 19, 14 1111161 .

Η11111659,8

1111119987

nemosianus

Haeredes 166.16

1111161 71,6

1111161611417. 11

111111111ο1111 696, 1.9

Heredis 166, 4. 191, 67. 669, 46

Harena 669, 94. 418, 67

119186 ¹⁰⁸, ⁷0 m, la 'wa n· ⁴¹⁶3?

1111119417

11111111 419, 66

1111111669,18

Halitus 659, 16

Hamadryades 666, 8

Hamadryadis 646, 7

Hamis 664, 196. 981

11111111111196,4

Hamus 696, 67

Hanc 19, 11. 69,1. 66,9 1111161

Hannibalern 646, 16

Hannibalis 996, 11

Harmonia (nom. prop.) 696, 96

Harmonia 468, 96. 96

Harpyiae 66684

11111111669,66. 666,7 ,

Haruspex 76,1

Haruspicium 76, 4

11119, 9. 66,4 1111161

11111111669,17

11111111967,9

Haud 664, 76. 86. 669, 19. 471, 16
Handduna 141, 6

Η111111 166, 6. 664, 447

Hausisti 419, 46

11111111 664, 966

1111111998, 61

 

