ΙΝ AUSONIUM.

Actorides 492, 1
Aetnaeus. 419, 2
9111119159, 19

91191 191, 9. 41991
91191919 149, 5. 419, 9
Acu 954, 9

Acuis 414, 1

Acumen 999, 79
9199119111 419, 79

91991191 922, 47. 925, 79. 994, 59.

999, 59. 959, l
Acus 991, 299
Acutis 995, 9. 419, 15
9119191974, 1
Ao 1,11. 191191 1111111
Adsgionem 9492
99199 159, 94. 917,14
9919119974, 5
Addam 994, 459, 459

9991 259, 2. 929, 19. 978, 9. 994, 9.

999, 27. 99, 99. 49994
9991119919 999, 94
999191 971, 11
9991111 192, 5
Adderetur 419, 99
9991 999, 1
Addidimus 929, 9
9991911 192, 24. 2592. 917. 19

99911 258, 9. 994, 229. 949, 29. 499,

Addita 92, 1. 994, 2. 9594
999111 299, 92 ¹
9991111999, 2. 994, 8

999119 99929. 411, 1

Additur 5492

Additus 195, 17. 249, 9. 994, 149
99111 199, 4

Aterno 299, 2. 952, 29

Ademtum 179, 11. 959,9

Adeo 45, 2. 1999. 992,19. 4491.

4491. 459,1 ·
9919111999
ᾸάθΡῘΜ 22⁴, ⁸· ⁴¹⁰9 291 ³8
Aderat 952, 1
9911158, 19. 4194
Adesse 422, 9
9911197, 2. 417,124. 492,1
Adesto 9994
99919199 414,5
Adhibenda 192, 5. 999, 1
Adhibita 419, 51
Adhibitus 445, 4. 1999
9999111911 442, 2
Adhortatione 492, 4
Adhortatus 445, 4. 452, 4

9999199, 9. 199, 5. 171, 9 1111191

Adjscet 459, 9
Adjeoit 191, 19

Adjecto 995, 5

ffi

Adjicism 159, 9. 19922. 991, 12. 985,

29. 412, 5
Adjicias 159 2
99111111419. 99
Adjicis 419, 79
9911194914
9911911 291, 2
Adime 1292
9919111419, 74
99199119191419, 29
99111419, 71. 47995
991111 299, 7
Adit 299, 4. 415, 29
Aditus 419, 71
survi sss, 11
Adjunctsm 499, 15
AdJunctus 929, 24
Adjunxit 159, 94
Adjursre 499, 29
9919194992
9919111994, 954
9919191415, 49. 459, 9
Adjursrent 449, 4
Adminiculo 459, 9
Admirandsm 419, 9
Admirantur 99, 5
9991111119 999, 29. 495,4
Admiratione 454. 9
9919111191 459, 2
Admiscentur 157, 2
Admisso 459. 9
Admittentis 998, 5
Admittit 958, 2
Admittunt 199, 11
Admistos 994, 74
9991911191 921,4
Admoneat 419, 9
Admonebo 497, 5
Admooeo 922, 99. 927, 9. 491, 7
9919ο91191 999, 19
99919119 919, 59
Admotis 491 , 4
Admotus 999, 19
999911191925, 79
Admovit 994, 292. 499, 1
Adolescens 999, t
9119111119111419, 95
Adoiet 499, 4
99911111 249, 9
Adonea 945, 9
99991991 99, 9
99ο919 995, 59
Adonis 259, 7. 925, 11. 999, 49

Adopertum 159, 29
11919111, sso
11ορ191111
AdopAAVfl ”⁰9 ⁸· ⁴⁰⁰7 ⁵

 

