* viii

470, 48

- · mnssx

9661688918

mumma. uu, 1. 666 16, uu Amare um. 94, 1. 666. u. ⁸⁹⁰, 16

89916. 881, 7. 891,17
9111114498. 4499
9116666666 4498
Alteri 116, 9. 419, 89
Alterius 419, 17
911666 188, 9. 891, 18
91166661 889898
Alternus 884, 986
Alternis 19997. 880. 89
911666 884, 968. 994
Alternum 8998
Altero 871, 7. 4994
9116161419, 87. 4898
Alterum 419, 41. 88

· 911661811899

’.166669 6. uzu 6696
Alterutrum 1996
9166690917 · .
91186191. 99919. 8891 ’
9111166116 88987. 849, 17
Altitudo 419, 46

9111661666 848, 19

911161 889, 91

Auo 889874. 898, 89. 404, 88
91161418, 88. 41988
9161616666 199 5

91166 809, 49. 89999. 8894
9116618910. 88918

91166 884, 88. 149. 484
916666 998, 17. 4499

9161 (genit) 199

9161 (praeter.) 8, 4. 899, 68
916666 8999

916666 889989

9166666 896, 8. 881, 1
916666 8994

916661 404, 17

9166616 884, 885

916666 884, 109

9166666 99998. 884, 79
9166666 191, 7. 4694
9166661 816, 9. 8898

9116 884, 188. 898, 46

91616 898, 80

Alvus 884, 198

Ama 996

9668116 419, 8. 4198
96681116 89948
9668168998
9661119917

Amanum 404, 81 ,
tum 840, 1. 494, 4

Amnem 991

Amris 898, 7. 895, 89

9661116116 419, 78

9666691198 ,

9616111995

Amat 91, 1. 994. 8898. 41949

9661066 uolet) 4199

1161161991

Afflflioi'em ”69 7· Μ’,

Amutrium 8891

Amazona 8696

9686861 999 40

9686318111 896, 81. 418, 88

968666 9894. 8898

Ambus 91, 8. 998

96816666 461 , 9

96813661 861, 18

968156 879 10

[8111918118 ¹⁰⁰¹ ⁴

Ambiguum 888, 11

9681861186, 9. 919 7. us. ⁹· 868,
88. 41940. 4898

Ambigunt 146, 10. 8994

[8111818110 69, ¹0· 2⁵⁹, βο ⁴⁰0, ἱ

Ambiguum 1894

Ambiguuu 884, 199. 41988

968116 819, 19

Ambitio 900, 89

Ambitione 95, 1. 41988

9681116611 9898

9681116166 819 9

968116 146, lu. 4199

9681166199, 14. 809, 89. 4197

Ambitus 996, 9. 889874. 41918

ΛΒῙ1Χ1410,2ι 1394· 166618· m. ⁸¹
911, 95. 97. 889 9. 8. utu, 11. 890,
6. 40944. 4094. 41947

Ambobus 809, 57. 805, 98

ΑῙΠ1101ἯΙΥ1 2⁴1, ⁴⁸ 83⁴‚isson “⁰9³

Ambos 40, 8

9686161 188, 1

Ambustus 895, 17

9686116166 9999

Amen 158, 88

Auens 8899

Amentes 8999

timentis 9898

, timentur 8998

Ama 91, 5. 94, 8

Ameriu 91, 8

Amet 91, 4. 818, 9. 40988

Amica 78, 1

Amicus 197, 8. 889176

Amice 198, 9. 14. 199, 8. 818, 8. 894,
Amici 408, 8. 417, 81

¹ 9616111118, 66. 1595. 1891. 1898.

 

