Rufi

Magnos 862, 12
Magnum 884, 187. 482

ωωωμωμωωω

Magoa 499, 29

11ιί (vocat. Malus) 877,9

Μιὶι877,9

Mammam

Majealaa 18217

majestate 191, 6. 882, 8. 419,1 ¹

Majeatalla 419. 7. 81. 488, 2

Mali 889, 2. 888,6

1181088814

Major 24, 8. 196, 8. 187, 8. 188, 4.
198, 26. 212, 4. 228,1. 287, 8.
814,1. 826, 98. 884,182. 861,8.
877,9

Majora 898, 22. 417,47

Majore 84, 8. 188, 8. 498, 6

Majorem 887, 1. 888, 2. 414, 8

Majorea 822, 88

Majorlbua 861, 4. 419, 82

Majoria 884. 98. 419, 88

Majomm 294,12. 811, 8. 829, 1. 878,
6. 412, 2. 419, 88

Μ8198875,8. ”lm- 8285& 388,οι
882,6

Ma'uacula 887,2

Man 167, 84. 168,18. 18. 19. 846, 8.
898,194. 896. 6. 419, 74. 458,2

Mali 888, 11. 898, 2. 8

MClC lna· 183· 6⁴· assanz ”⁵2
mmmwmmwn

Maleam 468,8

Malefida 279, 8

Mnleaana 287,8

Maleauadae 417, 7

Malevolentlam 419, 41

11811891. 12. 898, 2. 12

Maligna 826,6

Malignia 882, 18

Malim 167,29

mffimawaannnamz

mmmmmmma

Mamm. 12

Malo 84, 4. 898, 28

Malo (a malus, 1881141818

Malo (verb.) 84, 8. 92, 19. 819, 2.
894, 29. 419. 41

Malorum 196, 88

Malos 891. 18. 898, 4.8

Malueram 248,2

Malueris 491, 88

Malui 821, 2. 886, 1. 499, 4

1181νί12882

118Ιυί141822

Malum 849, 14

118188182899

:anax

Malu· 119,2. 118,2. 8989. 84818.
888, 22. 888. 4

Mandata 418, 88

Mandat 91, 8. 887, 7

Mandatia 444,2

> Mandatum 422,8

Mandavero 419, 69

Mandavit 418, la

Mane (verb.) 888, 88

Mssne (ldvefb.) ¹⁶¹9 ¹· ’68, ²0 ¹⁷·
892, 8. 49927

Maneam 187, 18

Maneant 886, 14. 899, 7

Manena 418,7

Maneat 9, 8. 896, 28. 899, 29

Manebat 489, 1

Μιηεηάο898,2 . ’

Manena 168, 88

Manent 882, 4. 888, 8

Manente 899, 24

Manentem 161, 14. 469,2

Manere 888,1. 417, 11

Manerea 196, 19

Maneret 188, 28. 828, 9

1118811643. 168, 67. 181, 7. 184,
12. 174,11. 177,6. 12. 178,18.
189, 8. 181, 16. 188, 8. 188. 8. 7.
199,8. 198,18. 294,12. 298,1.
212, 22. 218, 1. 248, 4. 488. 2

Μ87108 121⁴· 8618185· moon 'm'
82. 869, 28. 888, 12

Manibus 12, 18. 68, 8. 218, 2. 246, 2.
881, 9. 882,4. 419,98

Manibus 176, 6. 291, 8. 218,18. 219,

Manifesta 861, 6

’ Mannum 897,7

Mansit 884, 281. 417, 18

mammis 198, 89

Manauma 419, 78

Mantua 884, 878

11181784. 198, 8. 186, 8. 288,4.
826, 81. 828, 8. 888, 18. 888, 28.
869, 29. 887,9

Mullum 20⁴· ⁷³9⁶· &¹5⁴⁰ ⁸⁰²7oe-
828, 22. 884, 296

Manus 1, 12. 18, 2. 81, 2. 88, 4. 72,
7.149,81. 162,8. 167.16. 179,
19.11. 246, 8. 294, 8. 889, 4. 884,
898. 882,19. 412,8. 489,8

1111111498, 2. 488. 4

118ῑῦ118168,8· 175‚4· ηιμ· ⁸²⁶9
89. 884,]84. 298. 886, 8. 497,9.
419, 18. 482, 8

lllapale 489,1

Marce 78, 4. 91, 8

Marcelle 298, 1

Marcello 298, 1

Mascent 826,8

 

