fflffl

11191 99, 9. 199, 70. 998, 94. 909, 18.

“ 994 199. 999, 47. 414,1

ωψωωωωω

1119141997

umnmu

119911,1.111,9.196,19.64

erro 2⁶9, 99. 999, 9

Uterque 41,4. 994, 11. 919, 9ο 999,
99. 949, 9. 974, 4. 977,19

11111919 999, 79

wwmmstwmmnm

1111 (infin. ub 11191) 999, 41

wmmumm

ffimnl

wmuu

1111119994,7

[1919919097

Utinam 79, 7. 199, 7. 999, 1. 9

uultuque 71,7

umque 91,9. 99, 9. luo. 4. 997, 9.
994, 994. 499. 999, 99. 419, 99

9911919919

Umma

umwmnnnmmom,

. Utrique 41, 9. 994, 491

9919999999,4

Utriusque 196, 49

memm

Utroque 1⁰⁰, 9. 199,1. 199,1. 149,
9. 199, 99. 199, 0. 199, 99. 919, 9.
191999

Utroequu 499, 9. 440, 9

Unum 119, 9. 491144

ummmnmummnn
wmumnmmm

Um 994, 179. 999,9

Volceni 960, 9. 989, 9. 498, 9. 499, 9

Vulcano 999, 9. 491, 9

Vulcanus 498, 9. 440, 4. 441, 9

nummu

Vulgntum 407, 9

1791311199. 999, 9. 999, 4. 999, 99.
411,9

mnu 111 Ausonium

Vulgo 890, 9. 997, 4. 999, 91

Vulgum 998, 49

9919919997

9919911910. 94,1. 198,19. 999,91.
49. 994, 999. 419, r!

vulneratis 491, 9. 4999

vulnerato 494,9

vulneratus 496, 9

Vulnere 9, 9. 70, 7. 118, 11. 199, 97.
9994. 999, 91. 499, 9. 491, 4.
euml. eum

Vulnus 188, 19

Vult 16, 9. 911, 9. 419, 9. 419,11

Vultu 19, 9. 17, 9. 118,1. 166,11.
999, 99. 997, 9. 419, 99. 91. 999,9

Vultum 189,1. 419,9

’ Vultus 999, 19

Μωωμ

9911190919.) 197, 6. 994, 10. 404,17

1110119,1.11. 19,1. 79,9. 149,1.
Μ99ω499

111919914,19

Uxorem 99, 1. 197,9. 149, 9

&nnuma

11991119494,9

Uxoris 190, 4. 197,1. 191, 9. 179, 4.
999, 9. 499,0

Χ.
Xenophon 419, 60

Ζ.

21199991 919, 11
Zelotypo 10,1

9919177, 9

Zenodoti 909, 9. 999, 19
leti 949, 11

Zodinci 409, 8

zoile 90, 1

Zona 94, l

Zonae 91,9

zonam 9799

 

