cxxxviii

Stsdio 18, 2

Stadium 108, 12

Stagna 831, 106

stagnantia 891, 1

81111111 331, 182. 396, 8
Stagnorum 831, 121

staphyli 210,1

Stare 12,1. 320,11. 861,8. 119, 21
star ,111, 10. sonu

Statim 171, 8

Statione 312, d

Stationem 369, 18

Statu 113,1. 802, 17. stupra. 132,2
81111118, 1. 82,1 ’
8111111 237, 1

Statuas 320, 18

81111111 399, 1

81111111 119, 80

Statuit 297, 17

Statum 138, 8. 136, 8

8111111 110, 2

8111111119, 28. 131,1

8111111111 382, 12

811111111, 1. 219, 8. 832, 21. 26
Stellam 393, 19

8111111111 331, 98

8111111206,1. 212, 8. 119, 86
811111111128, 1. 181, 2. 108, 31
8111111111 163, 8. 211, 8. 119, 11

< Sterilem 290, 28

Sternunt 331, 53

81111111168,1

Steterunt 368, 11

81181881, 118. 838, 1. 818, 9. 111,

Sthenelo 227,3

Stigmata 299, 13

Stilbon (Saturni 111111) 368, 11

81111192, 27

81110 298, 10. 191, 10. 108, 79. 119,

Stilus 216, 3. 328, 18

81111111111118, 18

8111111111130, 8

Stimulis 828, 82

Stipendium 380, 8

Stipes 162, 2

Stipite 328, 89

Stirpem, 8. 191, 7. 299, 8. 22. 202,
82101212,8.828,1.110,2

stirpalium

Stirpi 188, 90

Stirpis 15310. 183,1. 831,70. 108,
82.113,20.110,8

stirps 38613

8111111 118, 31

8101111208, 11

8111111110,2

stouras, ro

suussx ⁵

Stolidi 89, 7

stolidis 331, 185

Stolido 381, 215

Strata 138 9

8111111351,3

811110 8818

8111110181

8111111108, 1

8111111128, 8. 138, 5

Strepit 181,2

Strictior 381, 8

81111111 328, 31

Stridebat 100,2

Stridentes 328, 12. 831, 121. 383

Stridenti 331, 288

8111111111, 11. 108,11

Stridentibus 828, 16

8118113191

stringamus 180,6

Stringeude 112, 3

stringentem 331,160

stringere 303, 32

8111181111 319, 88

Stringit 100,1

Stringunt 381, 208

81111818,26

81111111 220, 1

structura 380, 8

Student 78, 3. 328, 81. 810,1

studentior

Student 321, 1

8111111111 320, 8

Studeo 31,11

Studet 306, 11

8118111183. 111, 8. 182,1. 188, 8

1111111111.111.1

8118111203,8. 200,12. 212,.1 219,
2. 331, 892. 818,1. 881,8.11.
898,11.111,16

8111110111, 6. 192,18. 199,.1 218,8.
386, 1. 101,13. 106, 1.2

Studiose 321, 3

Studium 103, 18. 190, 8. 198, 8. 200,
8. 322,10. 101,1. 11886. 170,

8111111111100,3

Studni 319, 18

8118111110,13

stulte 91, 11. 118, 18

811111 309,7

Stupidos 166, 2

Stuporem 321, 2

8111111119, Ι

Stygiis 139, 1. 398, 81

Stygio 319, 16

Stygios 280,8

Stymphalidas 380, 8

813131811

Sua 119, 3. 111,3

 

