cl tunux

94. 594, 9. 414, 9. 4111, 19 Veneficio 454, 4
11551515999,1 ’ 1151151519, 19
11551515 419, 91 Veneneto 545,19
Vectue 445, 99. 415, 45 Veneni 154, 49
vegetam 499, 49 11515111511, 14
Vegetnre 491, 5 Veneno 959, 5
vegetaret 411, 91 Venenum 411, 99
1535115499 Venerabili 419,4
Vegetnto 599, 94 115151191111 419, 44
vegetator 154, 19 Venerabiliter 159, 4
Vegetent 419, 94 1151515545 499,4
Vegeto 159, 4 115151511449, 9
Vegetum 449, 15. 441, 5. 491, 5 11515151 591, 9
Vegrnndibuem, 14 1151151511 991,1
1151151111 414, 49 115551511115 459, 4
Vehnre 494, 91 1151511951511 419, 4
Vehendum 499, 5 1151511111111419, 4
Vehere 419,11 1151515111194, 4
veliternae Venere verb.) 449,4
vehemeter Venere Demeter
Velamen 455, 4 Venerem 49, 1. 44, 1. 445, 94. 444, 1.
1151515419, 11 44111
1151515 499, 4 Veneremur 499, 44
11515111459, 9 1151515511, 9. 151, 19
1151511459, 1 Veneri 55, 1. 414, 4. 494, 44
11515111 499, 4. 411, 95 11515115 (nom. prop.) 199, 1
Veli 49441 1151515491. 19,1. 199,4. 191,4.
Velim 19, 1. 154, 99. 499, 11 445, 59. 449,1. 454, 1. ,499, 4. 499,
verr. 111, 1. 1⁴1,2.tte.2 ee. 5111
Velit 149, 9. 999,14. 914, 4. 499,4 Venerit 154, 19
Velivoll 444, 19 Veneror 194, 4
1151151499, 15 Venerunt 449, 9. 414, 14
Velle 499, 1. 419, 44. 49 115159511419,99
Vellem 51, 4. 91, 5. 1111911951 11511(111151.)449,1.99.49.44. 444,
11511511499, 98 1. 499, 19. 49. 494, 49
Vellere 445,94 11511511(5551151.)154,49. 444, 414.
Vellent 499, 99 445. 419,11. 459, 4
Vellet 199, 1. 149, 1. 441, 4. 419, 44 11511511495, 19. 419, 14
Vellir 141,4 1151111491, 9. 494, 41
1151141999 . Veniet 149, 98. 9544
11515555 454, 5 1151155411,4
1151511151 414,4 Veniet 195,9. 154, 4. 499, 49
Velocius 491, 9. 419,9 Venio 15, 9. 494, 44
Velox 149, 19. 41. 494,9 1151115 414, 49
Veluti 99,9 9511151419, 99
11515 444, 449 Veniret 499, 94. 414, 4
Venabula 494, 44 Veniret (Venderetur) 459, 4
11515111 494, 19 Venis 199, 19
115159111494,41 11511111Ι 551,9 ,
9515914591 1151111(11555.)45,19. 199,9. 491,41.
1151511 191,1 499, 99. 494, 19. 444, 44
Venetus 494, 54 115111(ρη51.) 444, 445
1151451494,19 Venite 491,5
Vendentem 194, 1 Venter 444, 195
venderetur Venti 444, 44. 59. 44944
1151415515 419, 15 11519111495, 19
Veudinet 494, 44 11511111 441, 4. 454, 9. 419,14. Mt
1511111 eur ventosae, 151. 515, 55

 

