114 Ausonum.

Patitm 8, 8. 6,1. 16,4. 14, 8. 86,4.
118, 4. 168, 61. 888, 4. 888, 4.
884, 864. 888, 8. 418, 8. 84

Patiuntur 884, 66

Patren, 1. 168,88. 168, 1. 8. 8. 886.
6. 884,4. 888,8. 811,8. 888,8.
418, 1. 11. 88. 48 441, 8. 418,6

Ριῐτειιι 8, 8. 168, 81. 41. 88. 188, 4.
811, 81. 818, 1. 8. 888, 18. 488, 8.
468, 8. 468,8

Patres 884, 488. 868,18. 888,6.88.
418,14. 466,4

Ρ11ή11,18.188,6. 184,18. 888,1.
888, 6. 888, 88. 884, 868. 888,84.
411, 186. 418, 11. 481, 4. 418,6

Patri· 181,4.6. 888, 8. 8. 298. 8. 88.
818, 8. 818, 8. 884, 448. 418,6

Patri· 888,81. 816,4. 888,86. 818,
4. 464, 8. 418,8

Patria 188, 8. 186, 4. 88. 888, 44. 64.
886, 4. 881, 16. 818, 8. 8. 816,8.
18. 888, 4. 811, 4. 888, 1. 884,18.
488, 6. 418, 66. 488, 8. 468, 8

18161111681. 886,11. 888,4. 816,
4.,816, 1. 884, 448. 418, 86. 464,
1.459,4

ΡΙῙῘὶὔ ¹5⁸, 28· ³⁰· m» ⁸8

Patribus 66, 8. 168, 81. Μ, 16. 811,
88. 884, 1. 888,18.·864, 18

161111484ρω

Pauiis 411, 18 ⁴

Patrimonium, 86

1816088886. 418,8. 461,8

Patrio· 884, 886. 418, 61

Panis 84, 8. 141, 8. 168, 81. 161, 8.
118, 4. 188,1.18. 186, 8. 88. 186,
8. 886,1. 888,1. 841,8. 814,8.
818, 8. 888, 8. 888, 41. 886, 88.
881, 88. 486, 88. 418,88. 68

patrocinor 884,8

Patrocli 488, 8. 441, 8. 448, 8. 448,8

Panaenum 481, 8. 486, 8. 481, 8

Patami 868, 48

Pttmnum 418, 48

monus 868, 48

Ρ11111111141,8. 186, 84. 818,18. 886,
88. 868,48. 816, 6. 888,68

Ριῑηιο 418, 88. 48

Pntmos 166,1

Patruus 418,1

Pani 418,8

patule 884, 861

Patalis 861,8

Pm 68,4

Ριιια 888, 8. 884, 14. 486, 18

Ριιιεί 864, 88

Paucis 18, 8. 811,18. 88818. 888,8.
861, 41. 418, 6. 416, 88. 418, 68

paucissimis 418, 88

vap), et Vc. 6111.

Ριωω 818, 1. ⁴0⁵, 8

Ρ111111168,81

Pavent mom

pavente 186,8

Faventem 168,18. 886,18.88

Pavet 168,88

Paule m, 1.6. 868,1. 881, 4. m,
8. 888, 8. 488,6

pauliacus 884, 16

Ρω11111188, 1. 18. 188, 6. 411, 1.
414,1. 416. 8. 88. 411, 1. 88. 418,
8. 88. 68. 68

Paulini 188, 8. 418,16. 411, 186. 116

Paulinam, 1

Paulinum 411, 84

Paulinus 188, 6. 411, 184

Paulisper 418, 66. 481, 8

Paulo 16, 8. 886, 6. 6. 418, 18

Paulum 168, 68

Pavo (ablat.) 68, 4

Pavorem, 8. 486,4

Pauper 184, 1. 8. 4. m, 41. 888, 8

Ριυρε114 416, 84

Paupete 186,6

Pauperibus 886, 48

Pauperiem 8,4

Ρ111ρ1110164,6

Pauperis 168, 14. 884, 2⁶

Pausae 884, 16

Pu 848, 1

Pu (1οι ptum nen finem indicentis)
848,88

Peoemt 884,1

Petunti· 16,8

Peccasse 884,8

pecori 844,8

Pectine 868, 81

Pectora 168, 48. 188,8. 411, 68

Pectoae 84, 1. 118, 8. 161, 6. 811,8.
881,4. 884, 181. 866, 8. 888,18.
46. 418, 18

Pectoris 146, 16. 886, 4. 484, 8886

Pectus 186,8

Petudes 41866

Pecudum 168, 68. 868,1

Peculium 418, 18

Pecuniam, 16. 166, 8

Pecus 16, 84. 884, 186. 846,88

Pede 188, 1. 188,1.8. 116,14. 888,
6. 884, 881. 868, 4. 861,6. 466,1

Pedem 868,4

Pedes 11113.ζ161,8. 884, 18

Pedes plur. 16,6. 188, 8. 468,4

Pedum 486, 88 ’

Pedestm 488,8

Pedibus 188, 4. 188,4. 886, 41. 868,

Pedieis 888, 64

Pedis 868, 8. 418,8 ·

Iud-Am 0

rs

 

