ΙΝ 1180111811.

114.1

8899118111,1

88ρ911919140,1

&potuissem

Sepulturoro 410, 1. 444,1

Sepultus 119,14. 118,1

88998889111, 8. 111, 7

Sequanis 191,4

Sequanorum 419, 81

&mmm

Sequentes 180,1

Sequemur 188, 16

mmmmma

Sequemur 101, 4. 411, 1

ωωωω

Sequi 89, 9. 919, ru

Sequimur 817,4

ecquinam, 1. 91899. 919, 1. 919,
8. 1611. 170,11. 171, 10. 876, 8.

ἐηηηπωωη9ωή
99111,8

Sequuntur 117,19. 411, 1

88114114

Sere 111, 1410. 111, 9. 1511. 11.
181111. 141,18. 117,1

Sentio, 11

&118 2⁶⁴, 2· ”⁴⁰ lm

Serenetnml,³

Sereno 114, 11. 891,1

Serenus 119, 41. 111, 14

88181891418, 40

mmm

Seria 9,1. 166, 11· 171, 1. 111, 1.
114,108. 401,11

Serie 110, 8. 1886

Seriem 149,1. 118, 4. 187,11. 101,
11. 118, 4. 111, 81. 417, 4. 411, 1.
mmmm

881189 148, 1. 100,11. 180,1. 110, 1.
111, 8. 410,1

stricturum

8811191181. 119,11

881191919101,1

8818188111

88111 117,11

Sermo 198, 8. 110,11. 184,1. 404,
18. 411, 4. 418, 10

9ωω99ω8ω9ω,
18. 117,1. 187,1. 198, 44. 400, 1.
401 , 1. 418,1.18. 411,1. 487,1

Sermonem 114104. 407 , 1. 419,8

Sermonis 407 , 1. 419, 18. 41. 70. 81. 81.

Sermonum 117,1

8819 170, 7. 100,11. 101, 41. 161,
mmm

&mmmmm

Senum, 181

Serto l, 4. 188, 4

Serto 111, 88

Sertorius 111, 81. 418,11

Sertum 111,7

81998111, 14. 111, 7

Serrano 107, 9. 181, 19

Servent 111, 4. 118, 18

servantissimum 410, 4

Servare 199, 1. 99915. 911199. rou,
99. 1181811911

88989117, 11

Servat 818, 87. 417,111

Semta 181, 1

8911918919, 11

semri 411, 71

semro 114, 4

Servetur 449, 1

Servavi 118, 8

881181116, 11 ’

servire 181, 18

servit 117, 7

Servitio 118, 8

Servitium 190, 11

Serum (populorum) 18, 7

Semnt 164, 14

88199104, 8. 118, 17

Servorum 181, 18

8991919199, 1

Servus 107, 8

sesoostris 409, 11

sestertiorum 419, 74

Sestiaca 811, 11

88988899114,187

88198 814, 114

Severa 114184. 880, 1

Severe (vocnt. prop.) 180,1

Severe 401, 18

Severi 199, 7

severim 891, 9. ooo, 9. 919, ru

Severitatem 180,1 “

88981118ῑί 110, 4

8818990199. prop.) 181, 1

Sevi (gen. n 981919) 191, 11

Sex 71, 1. 8. 111,1. 111,17. 1181.
118, 11. 11. 188, 11. 170, 8. 198,
11. 419, 11

Sexaginta 114, 9

Sexcentio 110, 10

Sento 111,10. 171, 10. 180, 1.1

uem 119, uu

Sextnnte 188, 10

Sextiles 111, 11

8818119981, 11

Sexto 188, 8. 181, 14. 18

Sextus 188,]

Sexu 100,1. 111, 11

Sexus 171,1. 1411

88189 181, 7. 111,1

 

