1 tnnnx

Facturus 158, 10. 815, 8. 850108 Familiaribus 410, 70
05515500, 10. 107, 0. 170, 0. 800, 80. rumitant 410, 04. to. 75
410, 80 familiarius 410, 40
Faunus 158, 04 8801048 4500
Facultatum 410, 1 famose 058, 7
Facunda 080, 0. 410, 08 Fannius 050, 8
>Facundus 004, 4 0555155151885, 10
Fneunde 170,10. 105,1. 005,10. 007,Ϊ1 Famutas 885, 10
Fncundia 84, 0. 884, 888. 408. 407, 1. Ftsstuii 850. 4
410, 70 Ὲ51515115884, 800
Facundia 104, 17. 404, Ι. 410, 04 anuiorum 400, 4
Facundiae 100, 05. 847,1. 888,0 Famulus 108, 10
Γ55550155ι400,08 fandila. 140, 4. 150, 8. 100,17,
85555015515155515407,8 104, 0. 10. 004, 7. 007, 4. 011, 4.
facundius 410, 0 804, 10. 800, 74. 808, 10. 880408.
Facundo 100,10. 107,0 840, 0. 400, 81. 108

, Facundum 108,8 Fando 011, 18. 400, 080

nwmnmmnmnhmmu
400, 1 Far 844, 5
Ρικ 844,Ιο 85151841. 418, 44
ra ineis 884, 000 ’ Ρῑῐῑ 810. 03· *10041
12. ’,51555555 5501550555, 155
Fallaces 157, 05. 884, 000. 845, 08 Ftnis 808, 84
sanant 108, 8 Furtim 884, 80
Μωηω mnnnsmmmmam
Faiiebtidiim 4. 800, 07. 884,00. 187. 448. 880,
Fallere 00, 0. 150, 4 0.10. 848, 1. 851, 11. 850, 10. 885,
0511811511οΛ 14. 805, 05. 400,4
85111 157, 00 fasces 008, 8. 007,11. 800, 100. 880,
10511110,οι 104, 8. 885,0 45. 470, 87
tutto 58, 5 Fascibus 880, 88. 884, 451. 400, 04. 70
Falsa 40, 0. 084, 0. 810, 80 Fun 180, 10
Falsus 807, 10 Fusus 078,4
051510ἰαί 118, 17 Fastidit 800, 81
fulsisti, 184. 080 fastidientes 800, 00. 411, 0. 410, 77
fututa 800,1 fastidiorum 410, 07
Falso 18,8 Fastidiose 158, 1
F 5150 815, 0 fastidiosus 105, 00
Paisos 16,4 fastidisse 884, 840
Falsum 41, 0. 74, 4. 818, 4. 810, 00 fastidisti 800, 1
8515155808, 108. 410, 18 ’ 05511ἀί40808
85158450 5555155515
Funis 8, l. 87, 8. 108, lt. 101, 4. 175, Fastiditos 884, 800
8.100,0.101,40. 108, 8. 104, 8. Γ5511111155888,0
000,0. 000,14. 000,0.14. 018, 8. fastigia 000,17. 008,18. 884, 810.
11. 808, 0.’ 007, 8. 070, 0. 801, l. 418. 801,07. 400, 80
8. 808, 0. 8. 800, 8. 811, 7. 808, Fastigio tot, 88. 410,4
88. 400, 10. tlt. 8. 418, 88 fastigium 410, 88.40 ’
8555510015. 100,17. 000, 0. 800, Funis 800, 08. 880, 0. Uib„
56. 440, 00 Fastorum 410, 8. 410, 87
1·’5155518,1.00,15. 118,]1. 178, 0. Fsstosltt,t. 100,1
100, 00. 01. 100,18. 884, 08. 480 05501 06, 1. 000, 14. 404, 00. 418, 0
fumum 171,5. 000, 40. 070, 8. 810, 05151010. 00,0.70,8. 15010108,
07. 880, 8. 808,18. 410,40ὃο 80. 100, 7. 107.14- 170,15. 178,
Fame 410,40 10.101,80.008,10. 000, 7. 088,
Fames 800, 08. 850,11 ³· 05085· 001).οο 315. 1. ⁸²²·
&mma mmmmnmmm
familiam 410, 80 00. 800, 10. 408, 0
8885111548 450, 8 154515 800, 1

 

