'xcvi mnnx ¹

11814868 188, 88 1188148881448, 8
notandis 888, 4 11841881 410, 70
1181484 884, 111 Novissima 70, 8
11888881481 1108118188. 800, 0. 10. 885, 10. 401,
Notas 15,8. 808, 78. 408, 80. 410, 88
ιιι. 4ι8 ιι. 41844 novimum. 4884
Nom 878, 8. 881, 85 118ιί8114 80,7
11818888 804, 17 Novitinm 888,1
Notavimus 414,8 1181888818
Note 178,4 novorum 811, 8. 418, 11
118181 840,7 Novus 8,5
Noti (venti) 80888 Novum 885,8. 845,1. 408, 08. 410,
Notis 8488 48. 4ιι,ι
nomm. 848, ιιε 88814887. ³³2¹·28· Μ· ³³³,
Notissima 885, 80. 840,18 7.18. 884, 870. 841,1. 881, 48
1188448848 808, 1 877, 84. 418, 88
Nomi· 488ι Nox 448, 4. ⁵. 4488. sos, ι. 488,
1181141448 75, 7. 410, 88 0.11. 488,8
Noto 410, 50 Nox: 10, 8. 801, 10
Notos 808, 88. 418,1 Noxia 10, 7. 817, 8. 848,1
Nova 185, 8. 888,11. 888, 10. 60. 118ιί84 108,10
448. ι4. 4884. 448448. 448, ιι. 81888844. 4484
ms. 850, 8. 881, 40. 858, 8. Nubem 847,8. 408,11
4888 8888848888
1184418884 , 1186884488
Novnbis 888, 54 Nubes 157, 8. 808, 18
Novum, 18 Nubibus 888, 48. 410, 74
Namusam Nubila 88 ³⁶. 44848. 4ι844
1188888884 Nubilis 8588
Hammona 11864(ριο,·881κι)848,4
Novum, 8. 4884 Nuces 4584
Novato: 406, 88 Nuda 80, 5. 48, 4. 48,4. 150,8
Nemus 881, 80 Nudam 87, 8
1118818815. 877,1 1118681 884, 68. 8⁹³‚35
Novem 86, 8. 87,1. 168, 8. 851,1. Ν86814608,3
8111, 87. 685, 7. mo. 865,1. Nudato 85117
48888. ιι8ι8. 884844. 488 8188818844
8. 471,11 Nudum 78, 8
November 876, 11. 877, 81. 878, 8. Nudus 48188
861,13 Nugae 856, 6. 471, 7
Novembri 875, 8 Nugarum 840,1. 807, 14
Νονειιιρορ8114 188, 14. 816, 4 1188448381 808, 87. 100
Novenarium 885,8 Nugator 151, 17. 885, 8
Novem 805,Ιο 1183181108, 10. 800, 88
‘ Novenis 805, 80 Nulla 08, 4. 108, 0. 158, 85. 78.
Novenos 140, 8. 888, 00. 871, 5. 150,18. 180, 8. 100,1. 808, 8.
884,7 858, 5. mm sm. 8285. 888,
8888148884 21. 8488. 848 ι. 449, ιι. ιο,
1888488818. 801888 664, 8. 869, 84. 401, 0. 417, 6.
Noverit 484 ιοι. nm. 4ι9, se
Novem (pugo) 417, 08 Ν8118800, 18. 86888. 410, 88. 77.
Novi (genn) 444, 4ι8 4ι8, ιι. 84
4484 Nullam 488, ι. 4888
Novi (verb.) 860,4 Nullas 868, 88. 807, 18
Νο4188168,88. 165,0. 886, 8.(1. 18. 1181118181. 158,8.104,15. 805, 10.

16. 865, 8. 6. 804,7 8481. 2784. 851812. ³68. ⁷. 418,
Novimus 41180 4. 470, 80 ’

Novis 188. 848, ⁵. 308, ιι. 4ι8 8888848
48 Numnam. 888ι

 

