lii

Ferinae 852, 6
8111111428, 4
reris 11111
81111 158, 85

11181111

811111111412, 8

8116111111 158, l

Festos 181, 2. 898, 47
Festum 828, 12. 14. 888,7

811054, 7. 185, 11. 158, 40. 888,81 811111 2988

8111111884,817

1111111, 1. 28827. 28117. 868,11.
822, 70

81111157, 6. 888,8

8111112118

Ferreum 466, 86

reni 6, 2. 16, 0. 884, 252

renisum

Ferro 2, 1. 57, 8. 800, 2. 486,1

81111ςὶ1111 417, 02

8111111157,4. 288,1

8111881108

1111111111. 841,8. 84818. 858,
s. 882, 7. 888, 16. 416, 48

81111111, 12. 111, 1. 859,15. 418,

8111111828, 81

81111111565

Ferventis 88646

fervere 211, 7. 298, 21. 869, 21

Fervet 196. 17. 884,124

8111111884,8

1111111111, 4. 9. 882,6

8111111822,29

81111111 868,1 -

Ferunt 852, 6. 856, 2. 480,8

11111111, 11. 111, 11

8111111108,11

811111 889, 16. 11. 845, 21. 888,0

Fescenninos 860, 8

1111111111

Fessi 858, 28

8111114288

1111111111

81111111 482,1

8111182211. 877, 28. 881,5. 885,
8.10.17.21. 886, 2. 888,1. 408,

81111191,8

8111187612

81111111 869, 88

8111111111 871, 14

Festinant 884, 860

8116111111 884, 108

Festinus 127,2

Festinasse 179, 5

111111111111. 111, 1

Festinata 411, 11

festinatione 400, 8

Festinato 880, 22

81111111 445, 8

Festino 418, 51

Festina 850, 8

nunninus

8111154,8

fibris 158, 50

81111787

1111111111. 880, 2

811111191,15

Fictilibus 6,1

8111617818· ”⁴3⁴ss- ”opus 'ms
47. 414, 8. 416, 10

ridet 290, 5. 419, 80. 405,2

Fidsicommissum 418, 22

Fideles 418, 78

Fidem 157, 28. 161, 5. 188,2. 124, 8.
11111. sons. 11111

Fidens 417, 118. 4084

Fides 18, 4. 82, 4. 152, 22. 101, 5.
175,8. 191, 24. 817, 22. 851,5.
899, 1. 464, 85. 417,18. 82104

8181111410, 16

8161111111188,8

8111111 utus '

Fido 158, 58. 161, 28

Fiducis 850, 4. 417, 112. 470, 27

Fiducia 826, 5. 421,4

8111111188,15

8111111 21,2

811111164, 10. unns

811111888, 1. 418, 48

8111182, 2. 158, 58. 181, 10. 802, 18.
416, 2. 12. 424, 8

Fiet 96, 2. 415, 49

8111185119

Figulo 8,6

8 igursm 825, 20

8111111185οΛ

figuras 884, 54. 02. 228. 850, 7. 808,
88. 880, 20

Figuris 85, 7. 157, 40. 828, 98. 884,

8111 821, 4. 0. 861,1. 407, 4. 411,1.

81111 11, 8. 187, 5. 810, 47

8111111185, 87

8111111421,8

8111111888, 74

Filii 410, 7. 72. 421, 4. 400, 8

811111 192, 26

81111425, 5. 447, 2

1111111111, 58

81611560

8111111125,1. 821,1. 418, 59. 444,

8111118812. 152,10. 158, 82. 100,
2. 165,12. 172, tn 184, 8. 225, 4.

 

