cuffi

semipedem 259, 9. 999, 81
8111111911 959, fi

Semipuellre 995, 21
&mmm

Sensim 159, 99. 959,19. 458,1
Semivir 89, 9. 99, 1. 925, 91

Semivimm 69,11

81111171, 11. 992, 45

&nas 979, 1. 996, 25. 27

Seresti (pro serimus) 992, 5. 499,19.

8111111259, 1. 298, 9. 996, 78. 419,

Senatum 191, 1. 299, 5. 994, 492

81111111 919, 5. 419, 19

8111191 198, 5. 191, o. 219, 1

811111419, 91 ’

&nectentem 961, 41

Senectae 199, 9. 170,15. 914, 7. 922,
mmmmmst

Senectnm 199, 7. 922, 94. 99. 929, 19.

Senectus 19, 9. 19, 1. 111, 9. 194,22.
299, 5. 259, 2. 914. 6. 994. 96.

ῗὲῗ, 15. 44. 491, 91. 499, 29. 411,

Senectutem 419, 29

Senectuti 419, 92

Senem 194, 4. 299, 11. 499, 29. 498,

81111 929, 6. 999, 99

Senescerrtum 995, 2

8111111111119, 1

81111295,1. 257, 7. 258, 7. 259, 9.
7. 297,1. 279, 2. 922, 25. 929,19.
mmmmmm

Seni 289, 2. 922, no

Senibus 419, 28

sentimenti. 991, 999

8119111998, 11

8111111495,9

Senio 90, 9. 198, 9. 191, 21. 299, 45.
922, 14

Senior 929, 9. 999, 16

Senis 811, 18. 419, 99

Senium 922, 95. 999,19. 499, 11. 417,

Senos 259, 9. 922, 99. 918, 9

9111111149, 16

Sensere 925, 48

Senserunt 994, 252

Sensi 195,1

Sensibus 959, n. tinto

Sensisti 491,4

Sensit 17, 9. 174, 5. 928, 7. 499, 2

811111 245, 9. teo. 14. 961, 1

Sensum 822, 49

Sensus 159, 55. 199,14. sinit. 994,
11. 929, 9. 959, 8. 99211

rnossx

Sensus 191, 41. 992, 55. 941,9’
8111111111 991, 1

Sententia 992. 49. 999, 18
8111111191 419, 58. 498, 5
Sententiae 994, 2. 995, 19. 419, 19. w
8111111ῑί111 999,4. 891, 9
Sententiis 999, 29
Sentiendo 419, 2

Sentio 497. 9. 419, 91
Sentire 149, 18

Sentis 199, 91. 191, 15
Sentit 128, 9. 152, 21. 299, 9. 959,
81111111119,51

Senserunt 419, 81

Seorsis 994, 5

Separsti 991, 1

separatim 419, 19
8111111111 999, 19. 419, 92
8111111111419, 11

Separor 195, 1
811119511418,91
81111111249,4
8111194911. 418, 12
8119111996. 55
81ρὶ511992,1

Seplasia 129, 4

Seponst 419. 99
811111911299, 12
Sepositus 491, 29
seposuisse 419, 92
Qfflwms

Septa 419, 19

ωω1Η11Μ1Μ1 -

memmmmmmw,
inmmnmsmem,
mmmmmmffim.
mmm

mmwmnmmmsm

Septembre 978, 2

Septembres 929, 21

Septembri 915, 5

Septembribus 992, 9

81111111252,2

8119111259, 9. 916,1. 999, 28

8111111111 941, 1

Septeno 999, 4. 94

Septenos 195, 9. 168, 25

81191119997. 968, 25. 912, 11

ωηωῃ1

Septunx 998, 25

5111111111111217, 1

Sepulchri 159, 25. 159,19. 191, 15.
175,15. 198, 11. 291, 9. 252,7

Sepulchris 219, 11

Sepulchrum 229, 9. 241, 9. 249, t. 9.

 

