xiv

Attonitum 369, 33
Attenuatum

Attonitus 335, 4

31111111 334, 303

Attribuit 185, 0. 3036

3111111111 415, 9

3111111 180, 1

’ 311111116311. 334,468
3111111 300,3

3111118133. 391,1

Auctio 303, 18

Auctione 350, 3

Auctor 304, 3. 377, 10. 413, 35. 410,
Auctore 317, 33. 358, 3. 360, 31. 410,
Auctorem 73, 8. 383, 3. 413, 30
Auctoribus 318, 3

Auctoris 73, 0

Auctoritas 331, 5. 410, 08
Auctoritatem 419, 43
Auctorituti 410, 43. 48
3111133389

3111111333, 83. 363, 38
3111111330, 3. 435,3
3161111456,3

Audaciam 400, 1. 410, 41
3111111611 410, 81

3111111111 400,0
3161111330,11

Audacter 416. 10

Audax 334, 443. 400, 34
31111611 431, 4

31111111 334, 377. 465, 4
3111111407,3 ·

Audi 333. 40

Audiendum 358, 1

Audirc 153,5

Audis 460,6

Audit 334. 364

Audita 191,33

Audito 310. 57

Auditor 308, 7. 400,1
3111111111 410, 45

3131113635

3111111363, 3. 308, 51. 410, 77
Ave 154, 5. 185, 7. 406, 3. 105. 413,
Avelim 409, 18

31111111 399, 18

31111 413, 33

Averna 334, 310
3111114533

311111357, 13

311111 153, 33

3111111410,17

3131113637

3131111333,Ιο

Auget 370, 3. 333, 50. 307, 5. 076,7

Ι1

tuuux

Augumtum (subit.) 335,4

3131314333

Augusta 3333

Augusta> 384, 3. 333, 83. 034, m.

' 408, 3. 417, 88. 410, 83

313111147336

Auguste 410, l. 3. 13. 14. 17. 30. 43.

43ὓὲ11011 ²06, 181 2⁶². 2· m. ’nn
385, 5. 466, 33. 77. 419, 35. 30.
33. 54. 476. 35

Augustis 333, 00. 334, 360

Augusto 4, 7. 357, 3

Augustorum 317,35

3181110133

Augustum 359, 3. 3838

3131111135. 5, 3. 3530. 017,35.
333, 88. 333, 34. 43. 334, 450. 375,
4. 376, 8. 377,15. 378, 5. 406, 71.
06. 419, 35. 4639

Art( ...11 ab 1....) rot. 11. 111, 1.
333, 36. 333, 13. 400. 83

Avia (11111334, 5. 303, 38. 413, 73

Ario (subst.)'164. 11

3111111(1111111.) 135, 13. 104, 1

Arius (subet.) 333, 18

3111113334

Avidi 053, 48

336101141337

Aviditatem 411, 35

3111111335,1

3111 376,3

Aritiunum 173, 1

31111333, 53

3111111357,1. 410, 70

3111111 419, 77

1111111111. rto, 11

3111111314,3

Auru 334, 17. 358. 361, 3. 304, 30.

Auram 153, 43

Aurae 334, 365. 361,10. 400, 0. 404,
37. 467, 5. 413, 5. 410, 83

Auratum 354, 3

Auratum 334, 471

31111111 417, 65. 335, 40 ,

Aure 406, 61

31111157,10. 310,11. 305, 1. 307,
17. 330,14. 333, 84. 335, 88. 333,
37. 339, 6. 353,11. 366,4. zm.
305, 3. 410. 38. 40. 435, 3. 470, 35

3111140111. 419, 18

311111 303, 31. 54. 353, 31. 333,3

3111146337

Aures 146, 16. 38. 151, 9. 153, 30.
197, 7. 331, 3. 346,1. 404, 38. 417,

, 80. 133. 419, 61. 434,3

3111ἕ115, 3. 157, 39. 369, 5. m, 7.

 

