cxxviii

Rudinsenta 862, 12

Rudinus 849, 17

Rudis 166,12. 198,11. 819, 46. 822,
mmmmm

Ruens 884, 466

Ruentes 486, 4

Ruuntis 418, 8

11616 46, 2

Rufi 46, 1. 8. 47,1. 61, 2. 62,1

11616147,1. 48, 1. 2. 66, l

Rugus 128, 6. 822,17

Rugis 827, 8

Ruina 287, 6. 241, 4

’ 1161661 2,6

1161611418, 58

Ruit 84, 2. 288, 8. 298, 22. 889, 9

Ι16616111884,22

Rumpis 176,18

mmmm

1166616826, 69

mmmmmwm

Rupibus 846, 18

1161116157, 18

Ruptus 418, 86

Ruptum 897,7

11616 297, 8. 884, 416. 416, 29. 417,

11616826, 82. 461, 28

116111 167, 7. 869, 81

Rursum 1, 17. 81, 2. 167, 17. 162, 4.
267. 17. 218,16. 817, 8. 881, 8.
467, 2. 419, 27. 86. 488,8

Rursus 76, 4. 91, 4. 865, 19. 826, 16.
882, 46. 866, 16. 466, 71. 467,2

1161846,2

Rusticulum 826, 8

1161116826, 66

Rutilum 884, 16. 898, 46

Rutilans 882, 6

Rutilantem 884, 97

1161116666 869, 27

11611161462, 1. 461, 1

Rutilaverat 861, 88

Rutili 861, 87

Rutilos 894, 16

Rutilum 826,92

Rutilus 168, 12. 861, 46

Rutupina 166, 2

Rutupinum 261, 9

Rutupinus 177, 8

Ruunt 287, 6. 868, 14

8.

866166(6661.ρ1ορ.)86,4. 88, 8. 168,6
mmmmms
86616661 87, 8

8111126829. 846, 8

innuit

Sacerdos 862,14. 421,8

Sacerdotis 419, 66

Saccumum 419. 42

sien 86, 6. 266, 2. 826, 2. 862,18.
866, 4. 886, 7. 28. 82. 886, 8. 888.
4. 868, 66. 417, 64. 428,6

Sucrae 192, 26

Sacrani 419, 67

8116111116 419,2

sacrarium 162,7

sacratissime 419, 68

8661111616 1946

Sacmvit 886, 82. 887, 2. 888, na

8161661611 884, 417

86611 168, 46. 468, 28. 418, ts

866ήῆ662126

Sacris 817, 6. 881116. 866, 6. 416, 4.

Sacro 162,18. 886, 79

8661618688. 817,12. 884,448

51616114, 448. 886. 62. 864, 8.

86161126,8

86101118 158, 8³· 2⁶³,ss ”⁶2 1⁸· ωδ,
4.11. 866,12. 468, 28

Saeculnres 419, 72

8111688261

Secutum 216, 14. 466, 86

661161. 186, 6. 266. 4. 811, 7.
828, 26. 884, 176. 842, 1. 864, 6.
8687. 868, 47. 467. 2. 416, 18.
416, 12. 419, 6. 469,16

Saepius 419, 26. 26

8616 261, 4. 884, 292. 416, 18

8611612612

Saevire 444,2

86111166] 419, 81

saevo wpsss 2³⁵‚20 2⁵⁹, 80 ”⁴1 ²0
899. 26

8616616877

86161267, 6. 268, 12

8666461618

Sagitta 2,8

siglis-aditum

mmmmm

Sugittipotens 888, 11

siginussanus

Sagu10458,4

Saguntina 416, 42

Saguntos 862, 86

861862. 87,8. 844,2

Salaminius 826, 12

suar (piscis) 884, 88. 129

Sale 191, 81. 897,14. 898,26. 416,

8611114612

8616661281

8611416, 86

Saliare 898, 18

 

