lN Ausonum.

11111111888, 8. 888, 18

111101888888. 888, 8

11111111 188, 88

Ventrem 188, 8

1111118888

111111188888. 888, 1. 888, 1

Ventura 818, 78

veneritne, 81. 818, 18

1111111188, 8. 888, 81. 888, 8

Venturos 181, 7. 818, 18

11111111881,8

11111111 881, 1

Ventut 888, 888. 888, 81

111111 88,8. 88, 8. 88, 8. 88, 8. 81,
1. 81,8. 88, 1. 8888888. 888,
811. 888, 8. 88818. 888, 8. 881,
18. 88818. 87818. 87818. 818,
8. 877, 8. 888, 8. 88818

Venustus 888

1111111111 818, 8. 8888

1111111111 881, 8

Venusto 881,8

11111111888.1

1111111111 881, 8

1111111111 8888 ·

1118888. 88818. 8881. 881, 1.
888, 1. 811, 188

1111881. 88888. 818, 8

1111888

11111888

Veram 188, 8. 818, 88

verbe 11,8. 888. 188, 8. 1888.
188, 8. 18888. 18818. 1188188,
18. 81888. 888, 881. 881,8 881,
18. 88818. 817. 88. 88. 118. 818,
1. 818. 17. 18. 88. 88. 88. 17

1111111788. 88818 888, 88. 818,

Verbere 18, 8. 888881 888, 81. 888,
118. 888. 818, 88. 81888. 818, 88

verberatum

Verbi 18818

1111111888. 188, 8. 117, 8. 118, 1.
881, 8. 88888. 888, 8. 81888.
811, 71. 818, 88. 81888888.
888, 8. 888,8

Verbo 88811 ,

Verborum 188, 8. 888, 8. 818, 88. 888,

1118111881,18

Verbum 1888. 18881 81. 81818.

888, 18. 811, 81
Vere (111111. 1 111) 8881
Vere (adverb.) U. 18. 18.Ι 7. 188, 88.
888, 88. 808, 11. 818, 8. Μ. 18
Verentur 888, 8
1111111111 881, 8
verecundiarum 888, 8
1111111811 818, 88

Verecundior 888, 8. 8888

1111111111 188, 18

11118111 881, 7. 888, 18

1111181 1888

Vereudi 188, 88

11111811 888, 81

Verentur 888 17. 818, 18

11111111111

11111111111

Verere 188, 7

1111111818, 88

1111111111 818, 8

Venerium„

11111118888

1111888888

11111 (noro. prop) 178, 8

111111 1111188, 88

11111 (genit. 1 Ver) 8881

11111(ρΙ1111111111>878,8. 88888

111111111111817

1111111888, 8

Veritatis 8188

1111118181

11111188, 1. 87,1. 881,8. 888, 8.
Μψωπηω

1111111111 88, 18. 888, 81

111118881

Vero 188 umet. 817,18

11111181. 8188. 888, 888. 8888
888, 8. 888 8 881,8. 888, 88818,

7. 87. 78. 888, 8
Veronensis 871, 8

11111187, 88

11111888, 888

11111888. 188, 8. 8888

1111111888, 88

111111118888 8188. 881, 8. 888,
8. 8888. 881,8. 88888. 8888.
888, 88. 888, 11. 18

versiculi 888, 1. 888, 1

1111111111 88, 8. 188, 1. 881, 8

Versiculos 888, 8

1111188, 1. 181, 88. 887,1. 818, 88.
817, 118

Versum 888, 8. 888, 87

vestu, ⁴⁸, ¹· lm, ⁶⁸· 85010· Μ. ¹·
888, 18

1111118881

1111111 8188. 8888. 8888. ⁸0,ss-
818,18818,88.818,881811,18

1111111888, 8. 81888

111111 tto 88

1111111 881 18

111818811811, 17. tm

1111111111111118887

Vertioe 888, 87 888, 88. 8811 188.
ν811818. 8888888811. 888188
«18111188818888188188 ’
1111111181, 18. 881, 18

 

