xm

111189, o. 48,1 etalibi
Nile 3, l· ’218
Niliaca 20, 10
N 1111001 884, 218
11110287,8
Nimbi 187, 88
1111118010 828,24
ummmmffimw
1111011181,7

11111111088,2

11110111 417. 82
Nimirum 417, 81
Nimis 898, 48
Nimium 11, o. 1011. 11101111.
ωψωωΑκωΛηι
Ningoidn 211, 21. 290, 8. 417, 89.

124. 418, 81

Niobe 88, 2. 248,2

Nioben 84, 8. 4. 88, 1

11111 78, 7. 108, 1 et 11181

Nisi (nom. prop.) 417, 42

Nino 417, 88

111111 188,18

Nitens 191, 88. 210, 18

11111111 884, 188

1118111111 898, 47

1111011111884, 18

1111111842, 12. 848, 2. 407,8
1118811889, 8. 898, 18

111101884, 847

1111011187,7

11111111882,12

Nive 184,0

Nivci 828, 80. 898, 24 ι

11110111 898, 44

1111118111 297, 8. 480, 4

Nivoningom 884, 11

11118484

Nixus 880, 82

Nobile loo, 48. 199, 8. 288, 4
Nobilem 818, 8

Nobiles 218, 4

Nobilio 420, 8

Nobilibus 884, 881. 414

Nobilior 282, 2

1108111010111 888, 80

Nobilis 28, 2. 188, 8. 178, 8. lbi, 2.

luno. 20³‚9. 298, 2. 208, 8. 498, 28

mmmmmo

Nobilint noo, 12. ooo, 12

Nobilium loo. 2

Nobilitate 101,4

11081111111111408, 1

1108111881 178, 8. 419,18

Nobilium 212, 21. 214, 8. 898, 89.
, Nobilius 884, 887

110811 84, 18. 187, 27 01 olibi

innox

Nobiscum 897, 18. 899, 41. 408, 28

Noccno 288,4. 282,8

1100001101828,94

Nocentes 1,8

1100010809,8.7

1100118188

1100111111 188, 82

1100110101884,89

1100101128. 187, 40. 82888141.
889,1. 888, 12. 48118. 488, 8.

Μώηωηωηωηω
428, 8. 420, 2. 487,8

Noctes 187, 8. 147, 8. 187, 88. 828,
mmm

mmmm

Nocticolor 818, 11

Nmmmfflmmmm
28. 28. 871, 8. 888, 2. 884, 4.
mn

8011010811

11001111 884, 200 ·

Nocturna 884, 20

1100111108421,8

1100101011444,8

Nocturnis 828, 99. 888,0

11000110272,4

1100011277,4

mmm

Mfflwmm

1101101898, 77

Μωωπ

mmmm

Nolanum

11011409, 28

1101110188,82

mmmcmn

mwnmummmm

mmomanm

Nollem 808,8

umanunmunssff
89, 18. 8118, 28. 814,1. 418, 81. 78

Noluernm 820, 4

. Noluioscm 88, 4

Noluisti 419, 87

110100111210. 20, 1. 2. 8. 8. 41, 2. 4.
momomnmc
inmnmwmmmo
1. 101, 11. 101, o. 111111. noo,
mmmmmmmmm
214, 8. 228,’1. 228,1.8. md.
287, 2. 278, 2. 287,9. 208,1. 294,
1Μ8Μηωψηη
12. 822, 88. 8211, 8. 884. 888. 4811.
440. 888, 88. 88. 887, 2. 847, 4.
ooo, 18. 888, 19. 20. 871,18. cio.
8. 877, 7. 12. 18. 895,4. 8. 828,
19. 809, 22. 408, 488178. 410,2.
411,2. 418, 8. 14. 419,88. 84. 484.

 

