lxxxiv 11111

Maximus 991,7 Μ16111111111969, 11
Me 19, 16. 14, 9. 17, 11 11111111 mediocritas 419, 99
611996, 4. 196,8. 191,1. 196, 9. 611610661111419,4

146,19. 147, 9. 169, 99. 176, 9. Μ111111111989,1

99916. 999, 7. 919, 4. 919, 9. mediorum 19191 ·

999, 7. 999, 99. 999, 49. 994, 169. 1116111161

469. 961, 9. 967, 9. 999, 7. 499, 6116111111999,7

¹ ³0 409126· 410161 ⁴¹¹9 ls⁴l⁷p⁹⁶0 Medimdo 19112

119. 469, 9 1111411111 961, 99
6111176, 1. 996, 1. 497, 9. 419, 69 meditantem 169, 9
Men 174, 9. 197,19. 19919. 999, Μ16191111466,9

69. 991, 9. 996, 16. 919, 9. 916, 9. 6111111111 968, 19

918, 9. 996, 16. 999, 61. 999, 4. 11111111111991,1

999,17. 496, 1. 9. 497,1. 419, 97. 1111611111 998,17

11. 11. 1111 · 111161611111. 11111
11111111. 1111. 1111. mm meditatione 1ι1,1

419, 96. 79. 99 Medintionem 991, 16. 999, 9
6111111994, 61. 999, 98 meditatur 1, 19. 999, 6. 419, 9
Manto 29⁵,4 1616116198, 6. 999, 17. 994,119.
Menum 996,1 . 196. 696, 64. 69. 96616. 971,1.
Meu 179,16. 999, 14. 996, 1. 419,1. 499, 19

417, 199. 419, 41 Medius 499, 7
Mat 994, 491 Medius 1161111499, ll
Muta 999, 99. 994, 99. 69. 964 61161111 469, 9
Mettum 999, 16 - Medos 417, 69
9111111999, 11. 994, 9644. 149. 969. Medulis 999. 9

479 Medullini 994, 99 ⁴
1111111164, 7. 196,6. 189, 9. 996,9. 111111111117,11.114,1ι

419, 9. 49. 46 Medulorum 999, 16. tw, 9. , 999, 19,
11161998, 96 Megalesium 996, 9
Medeam 199, 1 Mei (pron. person.) 196, 6. 9. 999, 41
1111111111 ’11111(ρω1.ρο11111.)176,19. 916,9.
Medelae 419, 77 999, 9. 919, 9. 999, 97. 999, 1.
Μ161111111419. 79 494,17. 496,1. 414, 1. 416, 19.
Medendi 199, 19. 919,1. 996, 67 419, 49. 49
1116111996, 69. 419, 79 Meis 11, 6. 94, 9. 99, 4. 169,1. 169,
1111111111 99. nm. 991,6. 999, 99. 996, 6.
111111111111111111.11111 999, 1. 99919. 416, 1. 419, 89.
Mediam 161, 9. 999, 6. 996, 4. 499, 19 469, 99
6116111996, 46. 994, 194. 979, 9. 9111969.87,9.944,11·409»19

996, 6 Μ111(11111111) 196, 9
Μ16111417,64 Melampus 4699
Medico 916, 6. 491, 4 Melambium 496, 4
Medici 74, 9. 76, 9 Μ111661964,4
Medicina 996, 69 Melicos 999, 64
1616111111 996, 7. 479,19 Melior 99,1. 9991. 967, 9. 977, 9.Υ
Medicis 166, 6 994, 96. 479, 96
1116111999, 91 Μ111111949,9.417,111
Medico (digito) 994, 17 Meliore 169, 19. 999, 99
Medicus 76, 9 Melioris 417, 41
Medicum 99, 7. 76, 19 Melius 167, 98. 979, 4. 969, 19
1116111111 11111111, 1. 111, 5. 111, 1. 4111
Mediis 4, 9. 9761. 99919. 994, Μ11111111,ι.111,11

4176. 498, 18. 417, 77. 418,8 Mellei 169, 19
Medimna 996, 46 Melleo 419, 19
Medio 196, 96. 996, 1. 999,19. 994, Μ1111111111111496, 14

96. 99199. 178. 991. 949. 966, 6. Μ1111111911,99

967, 11. 968, 99. 989, 9. 19. 999, 9. Mellite 999, 9. 999, 16 ’

996, 16. 499, 1. 469, 9 , 1111οά11996, 8

 

