lN‘ 6666171614.

04114168,1.166,8.167,7. 164,18. cupium. 48
168,18. 8661 816, 16. 886, 46. cup 141866 8 416, 86. w*
861, 11. 888, 6. 868, 88 Cup 161877, 86
0411441164,4.178,6. 816, 6. 866, cup 1614414 8841
11. 817, 8. 684,18. 886, 16 044161416411184
61111414 888,.8 886, 87 Cup 164 761 886, 161
041141164, 6. 6. 887, 6. 884, 847 Cup 1411441416, 66
0411418846 Cup 14464 416, 6
041141 (111111.) 886, 86. 884, 78. 868. cumeum 88616
886, 76. 868, 84. 877, 8. 886, 88 0111114111 167 6. 861, 6
Cum (1111444111.) 17, 7. 86, 8. 68, 8 41 04414446414684
tlibi (144141166,6
01114(4614111)6,.1 767. 88841411· (14414776 68,8
111 4441141. 166,8
Cumanam 16, 6 04411141 888, 86
0444411 884, 846 Cupit 886, 18
044444 884, 868 Cupiunt 884, 878
0444144641 884, 486 cupiuntur 846, l
4441.. 111, 14 44144141. 141 ιι 4111
(1111114141 888, 46 Cura 8, 6. 16, 11. 166, 8. 161, 6. 168,
cumulat· 887, 6 81. 88. 164,1. 171 ,7. 176,18.178,
04441414 416, 78 18. 166,8. 167,17. 818, 4. 88. 818,
0444141141 876,8. 411,1 16. 816, 6. 816,.7 886,.6 866, 6.
044414144 416, 66 617,6. 616, 86. 88816. 888, 8. 6.
044411141167,14 884, 61. 86. 866, 1. 861, 8. 868, 1.
0444141461146,6 868, 8. 86. 86. 886, 88. 861,18.
044414 866,8 468,.8 417,18.77. 116. 416, 46.
0114486646 , 61. 66. 486, 8. 476,17
Cunus 188, 8. 886, 17 04114886, 7. 868, 16
(14441416816.68.1668886618. 04144178,8.166,84.868,18. 868,
888,.8 886,8.868,61.868,14.11.468,4 .
818, 7. 614, 8. 886, 18. 646, 8. 868, 04141884.867.868 ι’.)
48. 868, 86. 867,.6 868,16. 878, (1414118868
11. 418, 47. 468,4. 468,8 0414464444(Ρ14411)414,8
0441414145. 866,86 0414111868,17
0444144144186,7.186,16 04114174, 6. 876,.4 666,8. 816,6.
0444144144 416, 71 884, 461. 864,18. 416, 8.18
0444144114 866, 86 041141 866, 7
044414471,6. 868,86. 868,88 camum 468, 8
0411414114 416, 46 0411641818, 6
Cunctator 816, 18 041141 866, 1
0411414141 168, 77. 867, 18 04114111 868,8
0114414141 166, 8. 488, 6 04111868, 8. 48. 861,1. 466, 6. 488,1
044411 69, 6. 867,16. 868,17. 417, 86 041141 868, 6
0444114 168, 8. 168, 6. 818, 7. 816, 7. 04114 166, 8
861,17. 868,7. 816.11.68. 846, currentem 141 866,7
18. 868,16. 864,1. 866, 64. 868, 04114148, 6. 866, 81. 876,8
18. 466, 86. 417, 48. 416, 78. 88 (14114141 8,6
0444141416, 41 canicula 888, 6
Cunctos 866, 8. 866, 6. 668, 16. 886, 0441441414 888, 8. 16
6. 884, 76. 488, 8. 471, 18 Currit 886, 66
0444414 886, 6. 866, 81 0411114 866, 18
cuneati 864, 11 Curru 168, 41. 848, 6. 866, 16
0441141488, 8 carrum 448,8
04411 164, 6. 186, 8. 846,86 (141114 166, 6. 466, 4. 418, 44
0411414 816, 16 041141 16, 1
0411414167,1.868,88 0411468, 8. 167,8. 867,86. 864,6. ’
04114141 171,1. 816, 84 871, 7. 486, 4. 448,8
04111441 168, 66 cunum 868, 6. 817, 16. 888,16. 866,

4114111... 41... 4414... 11

 

