cm rmm.

111111111996, 14 viridissime 994, 96
91161111994,167.196 7111991119
1111611919, 4. 417, 69 Viris 199, 6. 916, 9. 999, 9. 2⁹8,ss-
· Vindicat 994, 999. 979, 8. 976, 4. 408, 9. 499, 4. 467,9

986, 96 1111111111 994 994. 4999
vindicaturum 11110169, 8. 168, 99. 178,6. 19. 979,
Vindicem 918,4 9. 94910. 969, 9. 966,4. 960, 9.
Vindicta 996, 99 998,19. 419,19
1111111990,91.99 111101111190,1. 906, 9. 989, 9. 994,
vineta 994, 160. 919 416. 996, 87. 966. 9. 986,7
mmmmm vmwmmmmmmm
11110419, 66. 469, 9. tom 996, 9. 969,19. 996,16. 494,96.
9111111111. 11,1. ur, 1. 1111 11111. 1111111111
11101111 196, 11. 949, 4 Virtur 161. 9. 171, 1. 990, 1. 961, 8.
violata 262,ss ’ 966, 8. 419, 8. 468,9
vipereum 169, 99 Virtute 9961. 981, 9. 989, 1. 419,
1111 191,6. 967, 9. 949, 91. 969, 9. ’11111111

969, 1. 496, 1. 496, 64. 479, 9 Virtutes 169, 98. 410, 94. simu. 947,4
11111311111,16 11111166111189,9. 917, 99. 419,68
Virbium 960, 6 Virtutis 994, 9. 419, 0. 16. 76. 464, 9.
Virenr 998, 9 466, 4
Virerrtem 994, 418 Virtutum 419. 96
11111161994,416.417,99 1111111117, 9. 101, 9. 118,19. 197, 1.
1111116, 9. 988,4. 994,494. 967,19. 169, 9. 189,19. 199, 9. 998, 19.

968, 8. 969,49. 417, 96. 419,41. 976, 9. 999, 69. 961,8. 419, 66.

466, 9. 469, 19 490, 4. 446,1
111111994169. 946,9. 961,96 11111111(11101111) 166,6. 171,4. 998,
1111311 994, 948 4. 111,111.111,9.111,1
11113111 999, 99 Virus 969, 91
1613111111 960 9 vis (nornen) 10, 4. 176, 10. 989, 4.
111311119118 994, 191. 999,16.16. 966,9. 967,
Vug 1110 9609 10. 968, 19. 969, 94. 498,1. 469,
Virgilium 968, 9 19
1111311199689. 964,10 Vis 101111110111)949,4
1111311111999, 69 Vis verb.av010) 11,8. 49, 9. 61,1.
virgines 111 1 1111111111. ur, 1. 11111.
111131110111969, 18 999, 66
1111311111 996 18. 969,.9 460,9 11111961, 9. 996, 94
11113111111116, 9 Viscera 84 6. 969,6
11113111111111668.186,9 νικο..11111.91.111,1.100,11
11131111991, 4 111111111996, 47. 998, 94
1111311161, 17 1111111149,1
1111306914. 101,9.109,.9 109,9. 1111116611994, 16

949,9. 996, 49. 967,11. 961, 49. Visere 999 18. 419, 76

979, 7. 989, 9. 989, 7. 696, 19. 11111419, 66

416,17. 469,9 11111111167,6
9113161111994, 999 1111016999
Virgurrcuiae 996, 7 1111016061111419, 91
Viri 9, 9. 167, 14. 189, 6. 999, 16. 11111994,19.69. 186

906, 6. 969, 9. 994, 96. 419, 69. 71 1191119999
Viribus 996, 1. 969,17. 419,16.1111111(31111113.)84,6.967,9

440.4 11111(ρ111)111,11. 994, 169. 996.
viridantibus 994 996 968, 6
9166111994, 67 Vita 118, 4. 169, 79. 999, 4. 916, 9.
9111111914,2161196141196. 111,11.111,1.1.161,11.9’61,

999. 991, 16 96. 966, 9. 8. 496, 9. 419, 94
11ιὲ1139711 994,16.64. 169, 199. Vita 168 19. 171, 7. 968, 9. 994, 14.
11111611 167 49. 998,6 1111110819.169,99.46.169,17.

 

