clvi ι 1116611

1111016 421, 4. 468,4 661,17. 666,1. 678, 6. 606, 4.
6111661, 122 696, 28. 417, 24. 410, 16. 60. 72.
111066 601, 16 466, 6. 466, 4
11111166446. 166 11116166,14. 166, 4. 7. 264, 6. 216,
1116616166, 2. 264,2. 266, 6. 266, 6. 6. 2621. 268, 6. 287, 6. 664,687.

208,21. 664,οθ 666, 66. 88. 666, 6. 661,17.10.
Umbram 626 46. 666, 26. 662,1 678,7. 694, 61. 468, 21. 419,16.
06016166664, 196. 268 26. 66
Umbras 664, 192. 224. 616. 646, 6. 0061666, 6. 96,.6 164,16

468, 1 00660616 186 6. 606, 66. 411, 2
11161161 1667 417, 66 00066ῠο00. 16
111162, 8. 66, 1. 66,4. 46, 4. 146, 6. 006666116410, 44

171, 7. 101, 24. 221, 1. 666, 11. 0066666161410, 42

662, 17. 661,18.46.46. 668,12. 0066116 418,16

418, 66. 476,14 1106661111 166 1
1166666, 6. 410, 76. 466, 6. 464, 6 6661111101.601,10.601,4.660,6
1166 (simul) 426 4. 424, 1 686, 26. 416, 46
11661668, 1. 148, 2. 666, 4. 667, 16 00666116 266,6
11666161161627178,11.626,16 Vocantur 681,6
116611 668,18 006616 191, 64. 416, 18
0661662816 vocarem 419, 8
116616 168, 6 0661161111 416 68
11606664,227 0061111197, 6. 626, 86. 466,66
1116.111,1.606,10.111,101 νο... 166, ’.6 606, 66
1166661616 426,6 Vocat 66 1. 664, 668. 468, 1
1116616610. 166, 48. 617,26. 664, 066616164,4.186,7

27. 00. 247. 666 0066106 410, 44
Undecies 148, 1. 2. 166,4 0066111162,1. 410, 16. 466, 2
Undecimo 668, 11 006616 276, 1
Undique 664, 7. 669, 66. 667,16. 461, 0066161411, 2. 419, 28

67 Vocatus 66,1. 62648. 417, 126
1166112611. 166,1. 664, 71. 106. vocavere 666,6

160. 616 vocavi 116, 16
1616... 611161 vomit 111, 11. 1661116666
11611061 690, 16 Voce 166, 16. 160,16. 100, 6. 216, 6.
Ungu em 666 6 266, 6. 662,44. 610, 46. 622, 14.
11οξ1166 6761. 674, 1 666, 26. 410, 2. 86
Ung 6111111166, 11. 674,7 0011616164. 648,14. samo. 416,
611611611616. 1111611610
1111166, 66. 1161611666. 1061 Vocem 60101
Unica 176, 1. 419, 62 vocentur 419, 42
[161666616647 0066661111. 626, 4. 664, 226. 226.
1161161611 412, 6. 466, 6. 468,6 606, 6. 466, 26. 410, 46
11611εηί 416, 62 Vocet 69, 8
1161161116 419, 66. 77. 467,2 Vocibus 166, 86. 619,16. 648,19.
Unius 661,22. 696, 6. 467, 6. 412,6. 666, 26. 466, 68. 400, 22

417, 21. 410, 0 00616 76 8. 09, 2. 108, 10. 211, 22.
11610116661162, 17 622, 41. 466, 67. 418, 10. 419,68
116071,6.119,1. 166,6.166,26. 0061161116,1

188, 4. 206, 7 617, 22. 667,1. 0060112, 12. 87,1. 262, 66

666,4. 681, 6. 16. 11. 14. 410, 7. 0001111178, 6. 108, 11. 662, 16

64. 72. 469, 6. 468, 2 0611 (nu 60010) 416,7
Unquam 1186 166, 1. 6. 166, 21. 0016666667

296,.1 268, 24. 616, 6. 626, 16. 06161146, 16

624, 1. 668, 0. 699, 1. 412,4. 417, 001616471, 14

6. 164. 410, 14. 44. 66. 67. 76 volatus 602, 16
Unum 46, 4. 166, 44. 192, 6. 8. 216, 00161116 (plur.) 626, 66

6. 271,6. 208, 28. 617, 10. 27. 0016111216

619, 68. 626, 62. 666, 2. 666, 6. 6. 0 01166 207, 0

 

