ii 181111

0181881188 104, 00 Accitu 400, 8
0118118811ῑί81 410, 88 08811118 087, 10
08811888 180, 80 088811000070. 008, 88
08811881480,8 0888110008
0881181ιὶ 810, 17 0888818808 047, 10. 4480
Abstulit 080, 4. 048, 18 08888188811440,0
01181181 080,8 08881881οό81 400,0
Absurde 040, 1 081181818οά88 401 , 08
08888181 410, 78 0888111118 18001
Abundat 000, 88 Accumulat· 188, 08
0111181118(88111818.)008, 0 0888118 417, 110
0111111181 404, 4 0888181080, 8
Abydeni 004, 088 Accusatus 008, 88
Abydi 008, 00 08811181 040, 8
08 140, 0. 180,18. 180, 81 81811111 0881181, 04. 178, 10. 044, 11
Acantho 088, 4 Acerba 188, 8 000, 71
081118 418, 01 Acerba 400, 8
Accedes 000, 40 · 0881111000, 0
0888118818 000, 17 088188 100, 8. 014, 11
Accedere 078, 0. 407,8 Acerbum 170, 1. 174, 8. 170, 8. 014.
Accedit 004, 404, 408. 400, 0. 488,0 18 ‚ Α
Accedunt 008, 08. 417, 07 08811118 170, 0. 170, 10
088818181 000, 80 08818 008, 80
Accendit 008, 80 Achomeni„ 07, 1
0888811888 000, 48 08118818 004, 8
0888818881 400, 00 0811818 088, 1
088888118 410, 0 08118188 004, 018
08888818 418, 44 0881111870, 0
Accepi 396ρο Λὼ1110089888 ’000, ⁴· ⁴⁴¹, 2· ιο “²0
Accepit 000, 00. 007, 7. 0110,οῚ 0
0888818 418, 0. 407, 8 Achillei 417, 108. 401, 1
Accepti ⁴1⁰, ²⁸ Achfflssm ⁸²2, 2⁰· 020108 ⁴2², ⁵· ⁴⁹·
Accersenda 170, 0 8. 487, 8
088818111 080, 8 Achilleo 040, l
0888188111 484, 0 Achilles 401, 0. 488, 8. 408, 0. 480,0
0888881881 007 , 0 Achilli 444, 0
Accessit 800, 08. 088, 1. 000, 0. 0. Achillis 400,1.8. 401, 0. 488, 4. 487,
400, 08. 418, 08, 410, 88. 480, 0 0. 408. 0
08888888 084, 040 Achivi 040, 0. 400, 1
Acciderat 410, 77 Achivis 401, 0. 404,0
,1888111188 Achivorum 1888
0881888181000, 80 0818111074, 0
Αο01Πο0101009, 64 Acie! ⁴22, 98 423, le 0· ⁴²6! ι
088188 147, 8. 178, 0. 188, 1. 010, 14. 0818111881 41, 1. 0
014, 18. 088, 8. 808, 11. 880, 0, 888, Acc, (Lucanitco) 804, 88
4. 888, 87. 408, 100. 408, 0 0888118 840, 11
088188188 007, 8 0818 041, 8
Accipias 014, 0 081181410, 88
Accipiat 417, 114 08118408, 14
Accipies 140, 0 Acta 080, 18. 88018
Accipiet 040, 8 0818 (1111118) 087, 0
Accipit 884, 208. 418, 8. m, 0. Acta 808, 80. 480, 0
448,0 08188888, 71
Accipite 018, 0. 081, 1. 418, 74 08188 084, 108
Accipiunt 488, 0 0811 000, 10
08811881 78, 8 08118818 004, 011
0881181800,Θο 08118 078, 1

088111 480, 10 0818 408, 0
· 088118 480,0 0818118818 407,1

 

