111 4080111011.

Aternum 400, 80

Ascribens 418, 4

Ascribere 880, 08

41111111 410, 78

4111101111848, 8

Ateupu 1⁵0, 1. true

Ateripturn 880, 1

Arioe 888, 1. 884, 801. 880, 78

Arium 840, 8. 400, 18

41110170, 8

Aepectu 800, 81

Asper (nom. prop.) 408, 88

4100118088. 888, 10. 884, 888. 840,
1. 808, 48. 808, 84

Arpere 480. 4

41111ςί1884, 47

41ρ11311848,11

Arperis 418, 11

Aspernnbere 810, 88

Aspice 00, 1. 888,7

Aspicerem 470, 88

Aspicirt 888, 87

4111111111 800, 18

411111111417. 08

411111111101,0. 400, 18

Assequrr 888, 8

411111011878, 7

Auserat 100, 0. 101,7

4111111100, 8. 108, 80. 817, 81

Assererent 440, 4

4111111415, 0

41111111 800, 10

Aruerni 470, 84

Aeser 808, 18

4111811111 884, 888

4111111111 818, 8

4111411888, 8

Auiduiute 110. 15

Arsigmt 11111

4111111111118, 18

4111111111 70, 8

4111110111 118, 8

4111111111111884, 78

Artis 808, 84

Auiu 884, 888

4111111111 808, 10

Arsuetudiue 888, 10

4111111111 888, 88

4111111111811 410, 48

Assumere 141, 8

4111111111 400, 8 .

4011311880, 1. 410, 18

4111131111 884, 100

Ast u, 5. ³8, ³· ²¹¹⁰, ³· 'ujwe m,
448. 800, 10. 80

4111111111 440, 8

Asturiam 448, 8

41111410, 7

4111111010

xiii

411181,8

Asin 14, 4. 800, 88. 887, 8. 878, 8

Astrepit 884, 187

41111 800, 18. 87

41111111 888, 00

Artrictum 404, 81

Astrigero 888, 48

Astiis 880, 77. 870,10

41111 888, 47. 800, 84. 877,18. 488,4

4111111111 800, 8

4111111840, 18

41111111 870,4. 871, 810. 888,7

4111484, 8. 400, 8

Astyanax 888, 8

1118, 1. 14, 81. 10,8 11111181

4111111 8808

Athena· 880, 71

Athenaei 804, 8

Athenas 004, 1. 884888

Athenis 108, 0. 880, 11. 810, 7. 888,

Atlantiaco 884, 144

Atlantis 470, 81

411111 888, 81

Atomorum 888, 0

Atque 0, 8. 84,0. 8. 74,4 11111111

Atqui 480,8

Aua 17, 4. 80, 0. 104, 8. 884, 110

Atria 884, 40. 880. 888, 81

Atricoluribut 800, 08

Atridam 400, 11

Atriden 480,8

4111401818, 1. 880, 8

41111111 884, 8

Atriorum 80, 10

1111111110

Atropor 178, 7

Atrox 180, 8

Atrum 417, 80

Attamen 408, 81

4111110111101, 1

4011118008

41111118701

4111111110 98,8

Attice 804, 4. 810, 0. 848, 8. 801, 18.
808, 40. 417, 87

4101111088

Attici 808, 8

Atticis 800, 8

Atticum 801, 1

Artigimus 470, 10

Attigitse 888, 8

1111311111

Attingere 410, 41. 408, 8

Attollens 880, 88

Attollereu 108, 84

4111111111 800, 8

41111111807,11. 410, 88

Attoltite tom

 

