111 1118811811.

,0118188808 081,1
AEquipmns 0188
AEquipmre 081, 00
AEquipmt 108. 00
AEquipmvit 111, 10
AEquipares 000, 88. 011, 11. 110, 08
ffb 008, 1. 000,10. 088,11
uo 881, 1

1118881110, 10. 008, 10. 008, 10.

001, 088. 000, 10. 008, 00

11388818080, 1. 001, 10. 001, 111.

150, 101

AEqu01e1oo,a. 881, se. 111111.

000, 11
AEquorwu 001, 081. 100, 1
AEquoms 150,18. 011, 00
AEquoreae 001, 180
AEquorei 001, 81
AEquoreo 008, 01
AEquooeos 008, 11

AEquoreum 001, 105. 811, 0. 080, 0.

008, 08. 118, 10
AEquoreus 000, 0
AEquori· 000, 10
AEquou 180, 1
AEquum 000, 8. 000, 11
A& 011, 0. 001, 10. 81
Ain 108, 1. 150, 85. 151, 0. 0. 05

8818 100, 1. 151,11. 001, 058. 001.

015. 018, 00. 008, 00
1131880, 0. 008, 00. 080, 8
18181880. 01,1. 05, 1. 0
88118 005, 08
8811811110,1
8811118008, 10
88118 i, 0
AEripedes 000, 11
AEripedis 000, 1
88111180. 005,1. 000, 0. 118,11
Mitius 101, 0
AErumna 100, 8. 000, 80. 000,1
AErumnam 150. 0
AErumnis 108, 80, 188,0
AErumnose 01, 0
AErumnonus 150, 1
AEs 00, 0. 010, 0
Ε881111ρ1118008, 0
fflopi 101, 8
AEsopinm 100, 18
AEstu 058, 8. 000, 11. 18. 018, 1
AEstatis 011, 8. 011,11. 080,1
8311118111, 100
8188181818 001,1
AEstivi 011, 1
1101118118, 18. 001, 0
AEstivum 081, 0

AEstu 008, 18. 000, 10. 801, 100. 010.

100

1111181001, 10. 110. 181. 001, 01.

000, 0. 008, 01

ὣ1118008, 00. 111, 01

83111181. 180,08.180,0.10.100,
0 0001 000,0. 001,10. 080,10.
011, 0. 000, 10. 101, 11. 110, 00 ’

10818191,1.111,8.111,11.1ω,
10. 110, 01

8118181800, 18

1081111110, 01

AEtttis 010, 0. 018, 8. 010, 0. 101, 8.

1108181880. 008, 10. 008, 8

81181118 010, 8. 010, 10

1818188111, l. 118, 8. 110, 1. 180,
00. 011,11

Εἲεω818000,00

AEteme 080, 0. 110, 80

Ε181111150,18

11118181εο000

8118180180, 80. 010, 8. 080, 11 ·

AEtemos 015,1

AEternum 88, 0. 110, 1. 180, 80. 101,
1. 011, 18. 088, 0. 011, 0. 01

AEtemum 101,10. 010, 1. 800, 0. 100,

AEthen 180,11. 001, 000

AEthiopum 010, 11

Ε11118000,5

ΙΕ11118111081,10

8118880810

83101811088

AEvi 10, 8. 111, 0. 100, 10. 110, 8.·
110,11. 111, 1. 118, 0. 110, 0.
101, 10. 108, 00. 108, 18. 001,
10. 005,1. 011, 10. 010, 00. 000,
10. 000, 818. 008, 10. 800, 1. 000,
10.80.100,01.110,00.111,11

AEv019‚³. 150, 0. 01. 118, 1. 180,
18. 188, 8. 180, 0. 101, 0. 100, 80.
108,1. 000,1. 001, 8. 010,8 010,
1. 051, 8. 011, 1 008,18. 011051
100. 00010. 000,.8 008, 1. 088,
0.100,5.101,10.05.101,.1 110,
11. 111, 80. 11

1131818101, 8. 008,0. 011, 1. 008, 8.
081,.8 0008000. 005,18. 081,
18.80.000,10.000,18.10.111,
10. 1,Ιο 00. 18

8181001, 0

8111181181

811111 110, 00

8118811111,1. 108,0

8088111088

8118818ω81001.0

808111Μο188. η· 310101· 02110

8118811118 005, 11

Affectus 11, 1. 100, 1. 110, 00

· 81188181 101, 0. 110,8

80881818 000, 1

 

