clx 1111111111 1111111111.

1111111111 999, 4

1111111111 417 , 99

1111111111 (1111111111) 419, 89
Ι11111111111 499, 99
11111111999, 19

lnequie· 949, 11

Lucis (1111911)

1111949, 19

lacticolor 999, 94

lanum 499, 91

lamma 994, 9

1111111111 419, 49

1111119011 999, 99

limigenis 11 1111131111994, 49

Melum 999, 99

Meminem 199, 49

Μ11111919. 1

Mensam (pro 1111111111) 989,4
Min (pro minio) 949, 9

Mino, 11111111 97, 9
Mnemosymrum 999, 99
9111119111 189, 9

1111111 999, 9

1411111119 994, 299
Ν1111111414,9. 419, 97
Nec ofinus 419, 99

11111811 11119 211, 2¹· m, ⁵0 417, mo
194. 418, 91

Nocticolor 949, 11

11111111 (11911.) 99, 99

11111111, 4

Pnpyriuu 999, 49
Ρ111111 994, 99
Peregris 497, 4

Pluma 999, 9. 499, 4
Plebes 917, 8. 994, 199
Poenitudo 999, 91

Ροὸωῐ 994, 1

potabilis 998, 91
Ρ111111111 419, 19
1911191111 999, 18
Ρ11111111(111111.) 417, 114
Properiter 189, 1
proscholus 919, tit.
Ρ11111111 999, 19
Pullipremu 79, 8
1111111111 944, 9

(11111111 998, 19
Quinquegeum 944, 19

11111», 111, 111. 1111111111

91111111 999, 99

81119111 999, 99. 979, 19. 418, 4
sciscitator 419, 91
8111111.(ρ111111111111) 991, 1
8111111111 998, 7

8111110111 sexu) 999, 8
segregus 197, 19

Seremus 1, 9

Sericus 101‚6

8111 (solim) 999, 9
8191111111 919, tit.

Subulo 79, 8

Τορο1111 984, 1

Τ1131111999, 49. 49
Τ111111111111111419, 79

Τ1111011ΠΠ1 ³⁸⁴, 871 ⁸⁸⁴9 5· ³⁰⁸, ω
’11111111 997, fi

Variegtre 999, 7

vestifluus 949, 94

1119119111 417, 198

Vigilat 191, 9

Unigem (unigenum) 199, 47
Volucripuwfl, 194. 419, 14

 

