xii

81101111111101

81011 stul

Arctoi 884, 468

Arctoo 2887

memphim mnu

Arcunr 102, 1. 410, 66. 466, 8. 466, 8

1111011111. 417, 107

Ardebant 418, 74

81610187010

18111θῦ80113οᾓ 481 ⁸⁸2, 88

Ardentis 8887

Ardere 418, 78

8100411800

8111011501 441,8

Ardua 288, 18. 822, 41. 77. 884, 164

8140114188)

81111886, 48

8111111282, 2. 417 , 81

Arelate 202, 1

8101001101 200,28

Aremorici 888, 86

Aremoricus 845, 15

Arentem 884,7

81110001416, 21

81110451, 2

8131111110, 8

8131110268

Argentum 866, 6

8131010206, 6

Arg' 11228, 2

8130114481

813110 86811

8131118882

Argivis 282, 8

Argivo 111, 11. 110, 1

Argivorum 488, 2

Argivos 428,1

8131110, 10

Argolici 486, 2

81301100 848, 2

Argolicum 848, 24

81301418, 81

8111101101 418 41

8130101466 4

81301101418, 81

813011828, 20

Argumenta 825 4. 418, 78

Argumentis 418, 7

Argumento 824, 2. 418, 54. 446, 4.

Argumentum 170, 7

Arguto 8486

8131110101 228, 8

Ariadne 825, 81

Arida 884, 114. 868. 858, 80. 888, 4.
418, 68

8111101111 880 62

8111170, 10

81111 (1130010)870, 7 882, 4. 888, 2
8111111871, 8

INDEX

Arion (equus) 262, 8. 418, 81

8111881,18

811111101ιί 208, 8

811111101101208, 18

Aristides 181, 4. 884, 888

80100001820, 18

8111111884 86118

8111111,..816 24, 2. 48 4 118,7.
187,...126 281,,1.,82666.400
1. 410, 62. 488, 8..8 468,2. 48818

811111111 185 22

8101111 486,8

81011111 418, 81

8110112884

81101111 261,4

Armatam 42, 1. 8. 48, 1

81111111 2, 2. 440, l

Armatur 428, 8. 487, 2

8111111101 mutu “

8110111111 466, 4

Armenta 156, 8

8110111111 8, 4

811013111281,7

Armipotens 288, l. 888, 7. 818, 6

811111120011. 882, 80. 860, 7. 861,
20. 418, 8. 486, 8. 480, 2. 466,8

Armorum 426,6

8111012288

Arrectum 8688

8018101488

811 881, 2. 840, 8

8111111111 417, 68

1111111οὸ0 884, 816

Arsit 186.4

Arte 87, 4. 60,1. 88,1. 160,11. 207,
1. 818,1. loom

Artem 80, 7. 887, 2. 400, 28

8111120, 8. 86, 4. 172, 4. 822, 74.
864, 807. 886, 48. 867,4

8111 84, 1. 880,2

Artibus 162, 10. 166,6

Articulis 874, 2

Artifex 406, 81

8111611161, 2. 64, 2. 4. 66, 4. 170, 10.
11. 245,8

8111160, 8. 216, 6. 818, 11. 481, 4

8111001407,8

811012, 7. 860, 28. 417, 80

Am 884, 4. 8. 478. 417, 186 ,
8100111111 1, 18
8100610111 826, 0
8100610111418, 18
Arundinis 886, 51
8101110416,20
Arnum 820, 28
11118488
8184714. 808,18
811111 276 4
1110110181, 8
8111101418, 7

 

