lxxx

Longinquis 919, 19
longinquos 418, 84

longior 174,18. 954, 4. 891,11

Longissima 859, 6. 895, 8. 8899

longissimum 419, 81

1401181118 ³⁰2, Ν· 9117» ²· “¹92

Longo ¹9¹, 25· 2⁴9, lo ³²2, m· 884,
154. 988. 898,98. 498, 8. 417,199.
418,9

Longum 198, 11. 147, 7. 189, 9. 995, 9.
auu, ro. 1111. 11111

,1113115118 898,7

loquaces 418, 89

1111111899, 18. 869, 8. 885, 9. 411,9

11111111498, 191

loquar 841, 7. 495, 9. 499,8

loquebantur 417, 49

1111111 417, 86

loquelas 857, 14. 419, 99. 418, 88

11111191 198, 11. 858, 1. 418, 41. 44

11111190419,9

Loquens 849, 19. 418, 47. 419, 9

loquentem 146, 91

loquentes 894, 14

Loquentis 99, 4. 419,9

loquerer 146, 85

Loqueris 419, 48

loqui 78, 8. 198, 19. 911, 14. 95.
819, l. 884, 187. 899, 8. 419, 44

loquimur 419, 67

11119111899. 867, 9. 418,14

10111101 195, 9· 169, ¹2· 861, ⁸8· 8⁹8,
49. 499, 85. 199. 418,15.19

Loquuntur 199, 1. 898, 8

1011 896, 4. 417, 48

1191110884, 191

Loricatus 419, 59

Lotophagis 458, 8

Lotophagos 458, 8

Lubrica 19, 10. 884, lli-112. 159184.

1191119914

1191111884, 199. 419, 94

Lucane 197,8

Lucani 894, 89

Lucaniacum 415, 48

Lucaniacus 89, 7. 414,9

Lucas boves (Elephantos) 494, 191

Luce 189, 9. 998, 88. 895,5. 884,99.
auu. uu. 1111111111. 111, sa

Lucem 8998. 894, 91. 899,17

Luceni 879, 15

11111111899,8

Lucerna 147,6

11111878, 1. 885, 19

Lucet 884, 99. 85

Luci 884, 478

, Lucida 194, 17

Lucidiur 419, 44

11191111

Lucilianum

Lucifer 144, 1. 157, 89. 854, 7

Luciferi 884, 999

1111111881. 19

Lucili 79, 8. 894, 88

Lucina 869, 81. 879, l

Lucina 859,5

11119111 198,1

11111 189,1. 151,19.14. 888, 4. 899,
9. 418, 97

Lucius 85,1

Lucius (piscis) 884, 199

Luco 895, 59. 418, 16

Lucra 869, 8. 415, 88

Lucrosa 99, 5

lucta 448,9

11111987

Luctamiua 884, 84

1111118989

Luctum 988, 4

Ludus 179, 9. 175, 11. 199, 8. 944,19

1111519111 859, 4

lucubratiuncula 419, 9

Lucum 157, 49

Lucumonis 898, 79

Lucus 895,9

1191114

1191198819

1191 884, 498. 885, 97. 448, 9

Ludibria 198, 17.158, 99. 895, 75.
884, 988

Ludibrium 497, 9

1191118991

1191110 859, 9

Ludicrum 887, 9. 859,5

Ludificat 815, 4

Ludificutu 11,9

Ludimus 491,4

Ludis 198, 8. 899, 99. 448,1

11911 845, 5. 869, 84

Ludo 17, 9. 884, 996. 889, 84. 859,8

Ludorum 191, 15

Ludos 884, 998. 988. 885, 1. 886, l

Ludum 197, 9. 8919. 885, 7. 887, 9.

Lucaniacus

11911 899, 1. 886, 89. 849, 4. 859,8.
858, 9. 869,4

Lugdunensis 168, 5

Lugdunum 419, 81

Lugentibus 894, 1. 895,78

Lumbi 898,1

Lumen 158, 89. 899, 95. 854, 8. 859,

Lumina 9, 6. 189, 4. 188, 4. 159, 8.
158, 89. 895, 98. 78. 888, 18. 868.
14. 899, 84. 879,18. 879, 7. 888,

 

