0

0113111992, 1. 990, 4

ῦωωῃωηωωΛηΜ.
430, 3. 4324. 430. 3. 439. 2. 448,

Graecos 4322. 440, 4

01110114103

Graecum 8⁴8‚6

Graia 2920 .

Graiis att, 11. 343, 2. 348, 10

Graio 322, 0. 417, 50

01011112024. 302, 49

0111114220

011111131104217. 301, 7

(imminendum

Gramineos 391, 15

Grammatico 50, 3. 2⁰⁰, 8

Grammatico 210, 7

Grammaticam 3³5,7

Grammaticeu 470, 15

Grammatici 199, 2. 208, 8. 21218.
210, 3. 470, 18

Grammaticorum 197, 12. 10114

Grammaticos 130, 4. 203, 2. 208, 14

Grammaticum 44, 2. 200, 97. 04. 2020

Grammaticus 100, 1. 2. 2120. 470,

Grande 322, 94. 390, 42. 493, 23.
mmmmwm

0111101123

(111110129219

0111011417,04

011101111400, 13

Grandinis 140, 0. 413, 4. 419, 19

Grassamur 107, 7

Graasante 200, 1

Grassarrtia 258, 4

0111111111103, 19

0111111111400, 2

Grassationis 430, 4

Grassetur 390, 01

ommmmmamm

0111141290

0111111111 417, 30

x 0111111111 323, 12

0110411111

Gmmmmmmmm

01111419, 41 ,

0110182, 1. 2. 83, 2. 149, 0. 33214.
332297. 301, 41. 30241

“ Gratia 419, 14

0111111412, 3. 414,1. 410, 7. 18. 70

Gratiam 904, 7. 320, 7. 300, 4. 400,
1. 410, 17. 89. 438, 3. 401,3

Gratiana 419, 10. 20. 29. 37. 38. 39.

Gratiano 419, 00. 80

Gratianum 410, 33

Gratianus 400, 98. 419, 13. 30. 38. 04

Gratiarum 304, 13

” 1110111( “

0111111419, 1.2. 0. 10. 40

(intimaturum ·

0111111111334, 350. 417, 122

0111111419, 37

&mmo

Gratissima 300, 4. 307, 8

01111111111419,34

Gratius 419, 17

Grato 400, 00

(7187111812 419, 31 u

Gratularis 410, 70

Gratulatioais 419, 3. 10

Gratum 83, 2. 197, 7. 300, 20. 397, 4

Gratus 390, 39

0111111403, 24

Garamantum

Gravam 209, 12

01111111 410, 39

Graves 3020

Gravi 20, 8. 190, 31. 40221. 421, 3.

Gravibus 203, 3

Gravidae 127, 1

Gravidas 4, 4. 301, 10

&mmm

Gravidam 325, 0

Gravior 192, 10. 239, 4. 275, 2. 314,
7. 302, 7. 410, 11. 41200

Graviora 108, 12. 325, 89

Gravioribus 30210

Gravis 108, 23. 181, 37. 207, 2. 230,

4. 30242. 39218. 39210. 4023
Gravitas 101,0

Gravitate 434, 2

Gravius 902, 47

Grege 03, 2. 09, 0

Gregem 58, 0. 900, 3

01131102, 1. 70, 2

01111108, 0. 334, 83

Gremio 1020. 201,1. 2321. 288, 3.
2928. 290, 9. 32208. 40210.
4721115

0111111407,1

0111111111 132, 3

01113427

0111134220

01111310, 12

0111112221

Gurgite 334, 00. 223, 331

Gustata 334, 277

Gustu 100, 3. 404, 7

0111111334, 118

0111118227

0111111301, 9

Guttis 994, 88

Gutture 70, 5. 278, 3

01111302. 10. 308, 2

Gvrus 393. 47

01111111 302, 45

 

