111 1080111011.

11,10 10 Nosce 110 11
1100000101. 10,1.10,8.10,.1 41, 1100000101, 1. 101,8
2.121,1.110,2 111,.1 100, 1. Noscent 888 888
11.181,1.101,10. 1⁰1, 8. 200, 1. 11000000120,10101,1
201, 10. 110,0. 100, 0 100, 1. Νοκεῐεκίμιιω 110,1
284,1. 180, 11. 201, 0. 101, 8. 00011000
010,1.110,0, 114,10.411. 110, Nosse 1818. 188, 18. 112,1
80. 81. 888,1. 111,1, 110, 1. 181, 1101000110, 1. 410,1
28.100,18.101,00.100,11.10. 1100101200,00,104,10. aim-8⁰⁰,
21.411,21.111,10.00.110,11.1.110,11.110,01
11.41.110,0.11 1100111412.121,4.110,11.10
11οο00001101 Nostra 18,-8 .88, 11. 00, 4. 01,1.
11οωὶ0001110,οθ 100,1.1.141,11. 188,81. 101,10.
Nomimoetssv, 88 100, 10. 108, 8. 28 10.111,1.110,
1100001001 100, 21 0. 100,· ·.11 101,11. 101, 11. 110,
110ιηὶ01011ομ1 100,14. 1004. 10.11.411,40.111.110,1.10.410,
100,2.110,0.110,Ι. 118,11. 10
181,1.101,.0 101,1.200,18.111,1100010010.010,1.110,18.110,
18. 111,0. 110,1. ”88. 888, 8. 10
281, 2. 101,1. 101, l. 1100111,1100010118,11.101,10. 110,10. 118,
0. 00. 114,101.110.110. 101,0.11 180,1.100,11.112,11,110,
102,.21108,18.,..,1100118012, 1.121,.,,,,18111118.10111101
100,8.11 10.101,11.108,10. 1.111,2.110,1.10.111,80.110,
406, 00, 100,21. 411, 2. 110, 11. 2
1010. 410, 1 1100001007. 111, 1. 104,1
Nonum 818 48 Nostros 181, 10. 188, 1. 881, 8. 101,
Notmmbus 10,10 214, 14. 148, 10. 11. 410, 1. 418, 08
800,1.110,10.81 Nostrates 41011
Nomi8is 100,1. 101,01. 101, 11. Νο001140,10.181,11.102,11.100,
00, 50 01, 00. um. 00, 0 4. 00, 0. 0001. 00,.. 100,0.
110, 01 401, 88. 8⁰8, 8· 118, 01. 818, 0.
11000ῑο0ιο 110, 11 10. 80, 01
11οωί0001101 Nomium 101,10.100,8.110,8.
11001010010410.108,0 101,108.100,1.10,101,1.101,
1101000010 101 11 11.101,20.401,10.111,80.110,
11001, 11. 0,2. 11,0..0,8 18,-18 40
et 0100 1100100101 188, 88· 00. 101, 41.
Νο00101,2. 100,0 1808. 101,20.108,1.1,201 l.
Nonaginta 110,01. 111, 1 10. 181, 8. 101,1.124,1.1.111,101. 100, 1.
101, 0. 100, 18 101,12,111,111.110,00.10.110,
Nonarum 1101 41
1100001001 Νο0000101,0. 100,0. 111,88, 114,
0.......0 1000 2. m, u 0. maz um.
1100800140,10.101,11.181,10. 1080. 100,10. 411,.1 818,ae
100,10. 41010 1100001010. 140, 0. 111, 0. m,
Nummum ε. 00, 00. 00,.. uma. m,
1101111180,1.181,0 0101,11.110,1.411,10. 110.
0.... 00,.. 00, 0000 41001
10..οι000οι Ν... (ι. ω.) 1⁰, ιο 100 100,οα
1100001111101 188, 1. 212, 11. 000,1.0 888,88.
Nonnumquam 101, 10. 111, 11. 101, 1151. ἓξὲξοΜΑΙ. 108,11. 401,
Νοιζοισό, ιο Νοο(..0.0)05,1.007,10.140,
1000040011 11
11000040οΛ 110ῑί 001,1. 100, 10
1100101οΙ,0 101,1. 110, 18 1101140010
Nom 888128 0010010141
Hermam 11 11012 00, 1. 101,11

Nos 10,1. 01,1. 100,0 et tlibi 1101000 110, 0. 100,1

 

